1.04763929906889,-0.43185646844186,1.9609450951507563,-0.16131016786760943,2.3155185003131074,0.2674639827677783,-1.3966980137786498,-0.32453077274949615,0.4056934169876094,-2.461723265667602,0.2847311562956907,-1.1740862167049435,1.1056918755213798,-1.3091659847564077,1.7866656754694774,-1.0114547725939458,2.0178324467309476,1.4881666272097043,-0.920557495436076,-0.9314211296139285,0.4643250889561701,-1.4715017398107033,2.2856630189915714,-3.2302054967952865,-2.2309628693852055,-1.4704361532759185,-1.2950463648618935,-0.3504251669286673,2.487132688642687,-0.6117211110962839,-2.738588319764111,-0.21048226007010995,0.018913442103978717,0.044794590035495796,-1.1773029070814662,-0.26957880351910646,-0.5326303898101117,0.1283173588035278,-0.7448685520355203,-2.174612951691901,-0.20220785209831815,1.2368719575335076,0.25072643337646094,-2.3101814298595116,1.6857481570885935,1.6588007337420247,0.6276291049702727,-2.120975481073726,2.8843222965133037,1.8857540102808565,0.008867049491366075,0.4504859917601407,-0.11475809818720561,-0.785622056187008,0.9893793087317759,0.9908423928738921,-0.8688349482346602
numHidden 	6
numGenes 	57
minGene 	-1.0
maxGene 	1.0
popSize 	200
maxEvaluations 	20000
mutateRate 	0.2
mutateChange 	0.5
seed 	1554310248557
random 	java.util.Random@1f17ae12
neuralNetworkClass 	class coursework.ExampleEvolutionaryAlgorithm
Training Set Training
Fitness 0.049593912089565574