0.6765467412737567,0.04822361747004478,-1.499860630746581,-0.8899381320232633,2.646305031468607,0.12420126737156822,-0.3420609023431118,-1.3497556906204773,2.632029482334132,-1.425086226709482,-0.09678843947193316,1.5466584680454882,0.4306731359686422,0.20155043977638254,-1.9154113373018764,-0.7889246095939821,2.777471478606909,1.1374167071873453,2.647836682489885,-0.9064263124612959,0.9314669677512943,-1.468578545357901,0.17454725438834973,0.300464988723816,0.08554169602060013,-0.6604262342820757,-1.021560947709936,2.3276159702023804,-0.5411465136190434,1.9826628966606268,-0.5127651989412803,0.2940751859188342,0.010058057776545448,0.3580516525506816,0.7557247926304764,-2.3934785117195854,-0.27134806235191133,-1.8561397908481183,-0.509456228096872,-2.5434560079033517,-0.9660921664726276,-1.4168933273287174,-4.561972779458957,1.0612101911648484,2.7468943457880712,-0.3830037024647561,0.18177371922672103,-2.9695954222790295,-0.09515382206567646,-1.5111045337923508,0.030893823223677952,-0.35904730419457054,0.08805413354113667,-0.2508519490537182,0.8864712115454487,-0.8039175337840305,0.1699142448098112
numHidden 	6
numGenes 	57
minGene 	-1.0
maxGene 	1.0
popSize 	200
maxEvaluations 	20000
mutateRate 	0.2
mutateChange 	0.5
seed 	1554310416615
random 	java.util.Random@1f17ae12
neuralNetworkClass 	class coursework.ExampleEvolutionaryAlgorithm
Training Set Training
Fitness 0.03664287930668703