1.3646251776431706,0.39318542001613377,0.0063607288079010615,0.09546070911339322,-0.8970821421761004,-1.5295817524648603,2.65018594866941,-0.7092689532899219,-1.4917233200685818,-0.7690173911770575,-0.22789838513086158,0.4393673384238672,2.039316129275065,1.3408058380430306,0.6436690452445,-1.2208953205594544,0.604949556158032,-2.74076814939664,1.0032683302072558,2.471497158866046,-1.5188798467509468,1.6134673578252574,-1.9693224798745417,1.1484840162079266,0.1582434348285433,0.6311294236917484,-0.09651103883318579,0.6588106798920295,0.29145659185990347,-0.40924033128928894,-0.044306849399598836,-0.17727084835878082,0.1808272488129481,-1.0053795466737971,-0.2794148364821474,0.29456648540008423,1.0357290907764323,-2.767466864318947,1.6645056623530348,2.1915991741604373,-0.40612185563866254,1.0550360622252895,-0.04816115542218169,-1.3402663428028647,-2.396786933514859,0.034622311980093246,1.2108834357993357,-0.46065714552632575,-0.20174968566266305,1.8792890351236362,-0.8580636942780082,-0.7947927791996985,2.914080265675084,0.5822502326133083,-0.6693058323972649,0.7685257431468406,-0.2280552303196235
numHidden 	6
numGenes 	57
minGene 	-1.0
maxGene 	1.0
popSize 	200
maxEvaluations 	20000
mutateRate 	0.2
mutateChange 	0.5
seed 	1554310079457
random 	java.util.Random@1f17ae12
neuralNetworkClass 	class coursework.ExampleEvolutionaryAlgorithm
Training Set Training
Fitness 0.014231500197562173