0.8711186767762558,-0.1872726041781787,0.9989630592805656,1.1628911559143416,-2.1714790675019136,-2.239002593067519,-0.4486787931395435,-1.0062014214768291,-1.2264444669305972,-2.2202060708451556,-2.7922752851590724,-1.440302625748304,2.9071019390426507,-3.3045675596770616,0.3091215573291266,0.025044826255063102,-2.3679895743628796,-1.5248813122609617,-1.1233946014596503,1.3451483240014674,-3.402672216883122,-1.004063460540582,0.48258290048894414,-0.9139270452767572,-1.3662900280247585,-1.9975936629889068,0.4681089997171626,2.1641421744957468,2.162945851828762,1.038441972386482,0.6451745202823866,0.5899413941491973,0.2722200091397782,1.3594496948973456,0.21831418148040438,-1.4549715437083515,0.13924082857839437,-1.0190362337779166,-0.8396700461253235,-2.9858734612537634,-0.6580446324972102,-0.13674683275359834,-1.4354534965872885,-1.5785890980647836,-3.0615060993609395,-1.6617676343134453,-0.2631772653990654,-1.2844484046977962,0.9798934448797445,1.893238871352163,-2.162317758134361,0.022956500319271766,0.27866011263163326,-1.2358688555595903,1.3634429160760904,1.2328023219876676,1.400009910381321
numHidden 	6
numGenes 	57
minGene 	-1.0
maxGene 	1.0
popSize 	200
maxEvaluations 	20000
mutateRate 	0.2
mutateChange 	0.5
seed 	1554310175933
random 	java.util.Random@1f17ae12
neuralNetworkClass 	class coursework.ExampleEvolutionaryAlgorithm
Training Set Training
Fitness 0.048542911867378566