0.14102794534968632,-1.6601259352231035,0.6504962915472714,1.32042104962484,0.6874599730934372,1.6459343484705693,0.48429583041995494,-1.600647932406226,-3.041728410148995,-1.609293093991298,0.08205357153239268,1.2817474789749925,-1.6727051444518894,-1.684092275552638,0.6509524900127217,1.091815657924347,1.6469150580508591,1.0907800436265156,-1.4513301264984952,-3.1232924141225027,-1.841316165888089,-2.090223924249329,-0.8618983549016654,1.8200210509850567,-0.8142699375046814,-0.7126495665767496,-0.1932020242248942,-0.8989461069255487,-0.2163552970450342,0.23904497227684685,0.10127629743809607,0.7316384438091408,0.8178896962017168,0.20387570301169244,0.035712518510420566,1.1505916506487859,-0.8870305129988991,0.3901565485747982,-1.4456037506916881,-0.4698827016213287,0.7358813923870293,-3.1924659474998696,-0.9077172460092824,0.11839561942300203,-1.4324720088312068,1.1878106080201447,0.6710716687107976,-0.3821444972339303,0.9254440646623225,-1.3676065660113488,-1.3194782125325228,-0.9264295616739506,-1.9162730617166646,1.3840524638413587,1.4882566336975824,0.8796633272211842,1.7165564076808584
numHidden 	6
numGenes 	57
minGene 	-1.0
maxGene 	1.0
popSize 	200
maxEvaluations 	20000
mutateRate 	0.2
mutateChange 	0.5
seed 	1554309744693
random 	java.util.Random@1f17ae12
neuralNetworkClass 	class coursework.ExampleEvolutionaryAlgorithm
Training Set Training
Fitness 0.018079628253247788