2.80330271515737,-1.2633161448232666,-0.26416932749940814,-2.012363756249308,-0.9728215079081508,0.24578588120979683,-1.8743200731827157,-2.115580681433073,1.9091769464280532,1.3091484957554103,0.5265757806488209,-0.16070817270973925,2.4426469414599117,-0.5632295955286093,-0.7450196134954077,-0.47185447165338346,-0.9554000382245746,-0.691246790977877,0.35987757265457465,-3.5465778356695488,1.6040593863355446,-0.2315474856368327,0.8813757146445211,-0.2747461422226871,-2.5468320023587085,0.006631995915796773,0.49307717625309144,-1.3340009063682032,-1.4492985724303447,-2.1851181464311953,0.24068379341894475,-0.2462146523889046,-1.1489912885414582,0.40702273182843074,0.20648311505830397,-0.4890535604904276,1.0361124227840282,-1.8726062819936269,1.0821427248082258,-1.760198084641183,-0.48414359162159726,-3.446279645250176,0.2113948423460814,1.2298594004484023,2.3578985263221606,-0.8712368149975749,-0.6651995454620327,1.1373206403616445,-0.18682937544732425,1.9204961689560798,-0.7452967048459971,-0.5134269707951065,-0.6598607334752189,-0.6498302610250204,-0.36226645633061927,0.46640489199178226,0.3635789273169092
numHidden 	6
numGenes 	57
minGene 	-1.0
maxGene 	1.0
popSize 	200
maxEvaluations 	20000
mutateRate 	0.2
mutateChange 	0.5
seed 	1554309980820
random 	java.util.Random@1f17ae12
neuralNetworkClass 	class coursework.ExampleEvolutionaryAlgorithm
Training Set Training
Fitness 0.022918313426770198