-1.401006353040691,-2.281087654874624,-0.017486059987668945,-1.8244020116903652,-0.333060030609972,0.295317413248317,2.3017124044559045,2.1729621658452203,0.7122431359710291,-1.606965203053352,0.6849691882193365,0.15297030128293487,2.7842612911512994,-2.704803558870208,0.8174190688263303,2.1851249838549016,1.8198531569456917,1.556983384186264,0.254624237337584,-2.498346408294334,-2.653807490735929,1.528684714089624,-1.9939245712876474,0.2574887215011023,2.3197913639133407,2.972480974414525,1.6098704365354664,0.08216153501504486,-2.741275129134082,-0.6510305205156213,-1.159835528053939,-0.21970967147764053,2.205720393861478,2.5750993436372793,1.4701036000613188,1.7622525031337473,1.4105872684957552,0.30044252704713426,0.6148455452106596,-2.552920145258481,-2.8078524812830574,1.0074066507172148,2.2002695468777738,1.8692931496905185,-2.958001618295994,1.7078978440206585,0.546429209955057,-2.389137038111544
numHidden 	5
numGenes 	48
minGene 	-3.0
maxGene 	3.0
popSize 	200
maxEvaluations 	20000
mutateRate 	0.01
mutateChange 	0.05
seed 	1554456425819
random 	java.util.Random@1f17ae12
neuralNetworkClass 	class coursework.ExampleEvolutionaryAlgorithm
Training Set Training
Fitness 0.12930950636866814