-0.7178138487189731,2.8452055498136497,-1.0479550926186547,2.862275785750401,1.135823747623134,0.43231313424932705,2.405456602893203,-0.7310405037609606,-2.717322126329595,-1.4423212544321855,3.069237105133043,2.856077804048149,-1.5486178339143115,-2.2128807466154843,1.6416157311959594,-2.6815788799433564,1.0139797404336817,-1.317144957745374,-0.3310559224471376,-0.8421062455607431,-2.325591633740425,-0.40981413479127415,1.63061092036951,1.6034757922233247,-1.1018527179708406,0.30840927418240904,0.4025711513193153,1.5360905388797468,0.5088872569670377,-0.02730779486099051,0.29329785804950753,-2.38016343029579,-1.866206737316107,0.33764099104513967,-1.7558968277633054,1.8188094938575223,-2.3111811687123263,1.4524543763497966,1.7996535529304756,2.7428138879967605,-1.928452202422061,-1.9674278612271567,0.1651565764407179,-1.7849027813699132,-2.154219911984989,0.14379947683206407,-0.5137469291627079,-1.753610898010606
numHidden 	5
numGenes 	48
minGene 	-3.0
maxGene 	3.0
popSize 	200
maxEvaluations 	20000
mutateRate 	0.01
mutateChange 	0.05
seed 	1554404209171
random 	java.util.Random@1f17ae12
neuralNetworkClass 	class coursework.ExampleEvolutionaryAlgorithm
Training Set Training
Fitness 0.02287320205860478