-1.1116892924907569,1.1618729861747032,2.842257904655243,-2.039015704679331,-3.131865222546682,0.8482593807694778,1.4357897608130963,-2.425454520117608,-2.5557509486011067,-2.732830643043627,-2.307369855653997,-2.7585897885940893,2.9023996246104504,-0.9260478359381616,-1.9430191480931573,1.3161807090904662,-0.3530838308277319,0.6383588985121404,-0.6801535290237735,-1.9973803514986133,1.9554096641273355,2.3731646300983,1.9324317375193025,2.402652011324162,1.5719991522882832,0.9698187424219809,-0.5038813124063912,1.2456516823290817,-1.8337956557788337,1.3003686884313232,1.3146302507942869,0.7377473568860078,0.9704125003758379,-0.5674885732193558,-0.14032188917438937,-2.449763715344303,2.7878313420326233,-1.912714087645939,-2.7095209614896056,-0.01937865338911937,2.6168095734339616,-2.58937447402187,1.577071129168326,1.337297957964532,-2.4963651618243867,0.46354230523008955,2.1251562995697295,1.9838791254688173
numHidden 	5
numGenes 	48
minGene 	-3.0
maxGene 	3.0
popSize 	200
maxEvaluations 	20000
mutateRate 	0.01
mutateChange 	0.05
seed 	1554456344420
random 	java.util.Random@1f17ae12
neuralNetworkClass 	class coursework.ExampleEvolutionaryAlgorithm
Training Set Training
Fitness 0.10212309499910319