-0.7267512976451775,2.6992370011306894,2.716389850895295,-1.4073313884659584,2.513627606164209,0.4100431648610785,-0.21627664319215567,2.2791184945793646,2.3943826713874534,-2.199093363929502,1.8218892752164253,1.4582316524350736,-0.28048912927730124,-2.3109150416291726,-1.5710830057401322,2.0659325765008454,-0.6453502547516408,0.6688244938317016,0.05923254218201794,-2.2876828882118936,2.1047311887183797,-0.3319929397424602,2.8448157827123985,-2.6446147511025995,2.3044121489151106,2.060618130631303,-2.583981547627908,-1.8113847137338275,-0.17312524276496094,0.37489362142744387,-2.1232816419438745,-2.1097842742063015,2.372371855002206,-1.2410072054531194,-1.7280360907955223,0.20680884990796944,-0.033021975571422946,-2.544046320335672,0.4545090793956554,-1.5274635702867827,0.8340491290627252,1.677448568861955,-0.658646928895628,0.007861678583444928,-2.6877171768365127,1.5245613873324064,2.3093859074111123,0.1293237834078484
numHidden 	5
numGenes 	48
minGene 	-3.0
maxGene 	3.0
popSize 	200
maxEvaluations 	20000
mutateRate 	0.01
mutateChange 	0.05
seed 	1554456502219
random 	java.util.Random@1f17ae12
neuralNetworkClass 	class coursework.ExampleEvolutionaryAlgorithm
Training Set Training
Fitness 0.0897130529614286