-2.2282605947599214,-2.6395849384437735,-1.419086853141607,2.1337290971611793,-2.2383556346777267,-1.1037001901336942,0.9976584640603483,-2.202639372701798,2.2622567398267126,0.394083062379378,0.9651068830307803,2.658931781885231,1.429384229054589,-0.5005131282765425,0.9009713959244086,0.9977010387702208,1.9760059899847215,-1.04971506422129,2.9827405072144826,1.2410474213208396,0.6122653673674252,-2.6519318749662713,-0.12597870083347562,-1.1806323812186192,-2.4999681553807096,2.753186226419623,1.2551045544578456,2.8461521407823502,1.741678683093604,-1.6850424250898466,-0.24700632726718652,-1.4317046216361473,0.6377446267705702,0.7937300512912167,-1.9776540637714024,0.31398318534850295,1.6656619535148791,0.8840439309243564,-1.5550295754284125,-1.7605115352740766,0.2776055567763427,0.48537014223143604,-2.3566862091836707,-0.1314047178529716,-1.606804718246669,-0.22423797778450094,3.0395908493335213,-1.2671691899192696
numHidden 	5
numGenes 	48
minGene 	-3.0
maxGene 	3.0
popSize 	200
maxEvaluations 	20000
mutateRate 	0.01
mutateChange 	0.05
seed 	1554456102778
random 	java.util.Random@1f17ae12
neuralNetworkClass 	class coursework.ExampleEvolutionaryAlgorithm
Training Set Training
Fitness 0.12986998096282057