2.7087493271442145,0.715094409054359,2.653914976771695,1.064744545561778,-1.5674028903038768,-2.4190715148316277,0.5106151077147012,-0.09435869848888445,1.5961607477671993,-2.3125765566980725,2.0089863137189776,0.8691824576312386,-3.029493369125898,-2.3491820809860275,0.6837493546890419,2.333631125238119,0.8054616747349825,-0.30066246761861004,-1.4265743696366646,1.9584980390616193,-0.12821188198450573,0.4436032703927755,0.23386075659183114,0.09940209181150661,1.4395402583384673,-0.9278711279876402,-1.3863805346391227,-1.3889370877135008,1.128454976824481,-0.4823775980603995,2.6226124605523626,-1.8875387002286206,0.43536929636193755,0.899572813874512,0.5007052200875135,1.204218681947085,-0.07470197875631812,-0.8791313723801539,-0.3190501767651077
numHidden 	4
numGenes 	39
minGene 	-1.0
maxGene 	1.0
popSize 	10
maxEvaluations 	20000
mutateRate 	0.2
mutateChange 	0.5
seed 	1553629361187
random 	java.util.Random@51569a42
neuralNetworkClass 	class coursework.ExampleEvolutionaryAlgorithm
Training Set Training
Fitness 0.007740558889762086