2.938984353176519,1.142983116138213,2.9636156166812597,2.114585890595617,-0.009072840039206387,-2.5676595132165807,1.4910395722032475,-0.9979352998678508,1.0600418033601677,-0.3475568201555268,2.041046526836886,1.6359443555684083,3.9394024438022877,-3.740351508684455,0.3723790652754586,-0.34604807496665657,-2.518006414347339,1.3724118343636627,-0.5597430007023914,-2.364377992311214,-2.4782094313783674,-0.6531256588345002,-0.17134655978724056,1.4967663127098516,0.23281682428173212,0.802460000395157,-0.08087711938362152,3.079756011497831,-0.43212946714038725,-3.591351921665054,3.3508723064379526,-2.113752990008881,1.4540178281624183,0.7081744702003363,-1.3400550425147366,-1.876692643637476,0.5970576127694673,1.390927977677244,-0.41220148296085424
numHidden 	4
numGenes 	39
minGene 	-1.0
maxGene 	1.0
popSize 	10
maxEvaluations 	20000
mutateRate 	0.2
mutateChange 	0.5
seed 	1553629361187
random 	java.util.Random@51569a42
neuralNetworkClass 	class coursework.ExampleEvolutionaryAlgorithm
Training Set Training
Fitness 0.022060506243967812