-0.6847478032298211,2.0381376479611815,-0.8777433744244294,1.8412637628472948,2.4093425225864955,2.472626840742571,1.5331756382843398,0.2832928277197133,-4.366721835131207,1.8002969360380998,-1.6071569295274508,-0.6529024643959058,-0.07937635682353528,2.751369267432077,2.945540990486413,0.3870700950801198,-1.2137227850447239,0.010423474361752838,0.04226469016607726,4.300503143705523,0.10549736042329405,-0.2264673285982739,-0.1377137106131503,-3.6505269402386684,-3.8643538662913457,-0.8481045069775135,-0.9705091147261968,-0.43332506760314704,-2.0312803325663964,1.785932949444844,0.36462757424903836,3.7796368333916126,2.9231868118393516,-1.0445827547198827,-0.007493351790864411,0.16600733953054836,-1.2406700928764152,0.33800283203961223,0.7031579505673673
numHidden 	4
numGenes 	39
minGene 	-1.0
maxGene 	1.0
popSize 	10
maxEvaluations 	20000
mutateRate 	0.2
mutateChange 	0.5
seed 	1553629361187
random 	java.util.Random@51569a42
neuralNetworkClass 	class coursework.ExampleEvolutionaryAlgorithm
Training Set Training
Fitness 0.011596348412169787