-2.111993200401541,3.112560289350706,-0.0026753060045661137,-1.2235721958183303,2.246837310346333,-1.9351820345439346,0.6894875718113775,-2.6642914338402233,-1.1156377586430868,1.6223987389934003,0.09151300223712644,-3.4281222338181934,1.0939479890991937,3.1582147706374752,1.8516138223672371,-1.1589596046374424,-0.7491134156858368,1.195863402947063,2.6530573739224534,2.1124470813226734,0.1889997706780906,0.7552186444125439,-1.5029005137463995,0.3927574289279696,-1.246278405568678,1.8911317128505487,3.222479955275201,3.7775767952656816,2.175209501628241,0.9946816568648715,3.9025429105381635,1.5945096427567322,1.2290494719084901,0.8610804948314326,4.0494444678719965,-0.9770553557364285,0.8970902380011543,-2.039096387237402,0.015215920379464842
numHidden 	4
numGenes 	39
minGene 	-1.0
maxGene 	1.0
popSize 	10
maxEvaluations 	20000
mutateRate 	0.2
mutateChange 	0.5
seed 	1553629361187
random 	java.util.Random@51569a42
neuralNetworkClass 	class coursework.ExampleEvolutionaryAlgorithm
Training Set Training
Fitness 0.010831270309305724