1.9052107631311488,-0.8117667541501603,0.9155891864583767,1.1436405289909168,-2.8477417665133786,-1.3357674454868607,1.8098528487067356,-0.17578786765654164,1.6773497317946502,-1.5060163381785454,0.2484568862660188,1.8530324634549205,0.08680240440415776,2.6294222803511182,0.8183513618088969,2.590185980090566,0.9396501941898965,1.399235221977559,-0.24657007406988507,1.074354462409342,0.5497482524399058,-0.007559969417511692,0.2521906804460008,-0.5985526865483439,2.130770999587676,-0.5236348972787956,-3.460260066140167,-0.9163172621292262,2.287629558973763,0.39156420216332566,0.5404047535047061,0.867477205574618,3.991125652427418,1.2568571230149623,0.7464535387385967,-0.9607305837803002,-0.6140066094681644,0.1815361527675048,0.11872467833960831
numHidden 	4
numGenes 	39
minGene 	-1.0
maxGene 	1.0
popSize 	10
maxEvaluations 	20000
mutateRate 	0.2
mutateChange 	0.5
seed 	1553629361187
random 	java.util.Random@51569a42
neuralNetworkClass 	class coursework.ExampleEvolutionaryAlgorithm
Training Set Training
Fitness 0.00898767163638952