1.4808905166920656,0.334386060793336,-1.5778559701598285,-2.755749643061977,1.12375897048077,-1.2962396418822923,0.5086361074606918,-2.782949389752824,2.3830076402186764,-1.8384958212736462,-0.8123408364969236,-0.139822092492639,2.5022337560923074,-0.7202444532574894,3.8520623283715407,-2.035906790361514,0.8072568305214809,0.5356875234307545,0.7805495306150054,0.04272145140736017,-0.02013133350936047,-0.6341222581759038,0.3269336527512514,0.2556816563023052,2.425561786034056,3.5372091882915244,0.7454766968020867,-1.184732225554127,2.7530303192144645,-1.6084173867830156,-2.7755310493313816,3.8493035615472837,2.656519817370544,-0.8162600495131405,2.5607245622488923,-2.1926665172867326,0.29093142240113057,-0.8915487631084538,-1.5122494979820584
numHidden 	4
numGenes 	39
minGene 	-1.0
maxGene 	1.0
popSize 	10
maxEvaluations 	20000
mutateRate 	0.2
mutateChange 	0.5
seed 	1553629361187
random 	java.util.Random@51569a42
neuralNetworkClass 	class coursework.ExampleEvolutionaryAlgorithm
Training Set Training
Fitness 0.0070961637113421865