4.674480424581771,0.5568286660189405,-0.5758816899490424,-1.6614750297188647,0.7554859412808514,-1.9921004795771393,-1.9041135223580719,-1.493490254310522,2.8929447070422976,0.06184309844639402,0.23507833905390463,-0.25074256806058237,-2.788946064987431,-2.423662087749096,0.035862613424772816,-3.2439842772074226,1.4602461008101504,-1.3489208986707608,1.3284523457211723,2.751914525783363,-1.0894242439397324,0.3592865654076638,3.1011592458958113,-1.2081345825559366,1.5068030694858248,-1.7644500100616591,0.35767437523815215,2.7247822591899573,-0.8879474788293988,-2.9983607499866425,1.2766478064034736,-0.6505804717638377,1.1919110083642532,-0.43715270512352444,1.3406692996853675,-1.477707822490489,-1.2037960217507844,0.3161865816282068,-1.4454167674586047
numHidden 	4
numGenes 	39
minGene 	-1.0
maxGene 	1.0
popSize 	10
maxEvaluations 	20000
mutateRate 	0.2
mutateChange 	0.5
seed 	1553629361187
random 	java.util.Random@51569a42
neuralNetworkClass 	class coursework.ExampleEvolutionaryAlgorithm
Training Set Training
Fitness 0.01691624586699004