0.7122417184249885,-1.7626386112124894,-2.0152772033347737,2.316585580707965,-1.7552315401533196,-1.0002706879986363,-2.982092737408587,0.4946058785330625,1.3378380070664693,-0.30813364947766253,-3.083180748748922,2.875574045766326,0.04108507936266581,-1.9362275405637632,-3.1626929965680546,-0.6214487676460423,0.7628645938085437,-1.043769249087978,0.7831437054554631,-1.4964702693034995,0.516228378797694,1.845742173420322,-0.11651358402776046,-0.510700365596118,-0.9963405886189596,-1.69657735144102,-2.2523753500416293,-1.5587071158797545,0.7185821908810441,1.1629480405230992,-1.3461885535120928,0.04351134732347517,-1.271766864195719,0.4313475881066531,-3.152371347090845,-1.720814293228349,1.837459022998066,-1.1246198995893726,-0.866061177809466
numHidden 	4
numGenes 	39
minGene 	-1.0
maxGene 	1.0
popSize 	10
maxEvaluations 	20000
mutateRate 	0.2
mutateChange 	0.5
seed 	1553629361187
random 	java.util.Random@51569a42
neuralNetworkClass 	class coursework.ExampleEvolutionaryAlgorithm
Training Set Training
Fitness 0.037481834980067255