2.444659257273514,1.1059723341256298,-2.3495305098536594,1.5999180963087873,1.758265180810568,-1.7320260625179396,0.9078317330090793,0.6465025734385814,1.7613540143628468,2.632041640371913,0.12839066279039102,0.7529876240935931,3.561693222719226,-0.8202115902150813,0.5166114902716201,1.1297137793644465,0.9987123825758841,0.7992409697750993,1.7409173794190596,1.3995103544855159,-0.49668129757592117,0.06920163620088227,-0.36748562752196423,-1.6581982463715883,2.0156909794615716,1.5541174569062743,2.8869272442877394,2.3597758240651636,-2.1353239641411923,-1.7286167323552817,-0.19824676760228188,1.4702370319999005,-0.3996951266454929,0.48563206782018775,-0.34613774337473147,0.39882582334988936,0.9114053756088616,-0.11122898032713802,1.4377720037362474
numHidden 	4
numGenes 	39
minGene 	-1.0
maxGene 	1.0
popSize 	10
maxEvaluations 	20000
mutateRate 	0.2
mutateChange 	0.5
seed 	1553629361187
random 	java.util.Random@51569a42
neuralNetworkClass 	class coursework.ExampleEvolutionaryAlgorithm
Training Set Training
Fitness 0.009175291565286965