-1.5819200859106197,2.5127846480057077,0.15018317870939124,1.151478713032749,-0.5150598728495464,0.37960568806704353,1.9219567816079801,-0.1362353397528604,-4.142287738826697,-0.8922503362240555,0.10666409053856984,0.741715350745757,0.5398152844404331,1.033667719621322,2.4065812782449565,0.5824476088484913,-0.47743751267845114,1.3377838918026468,-0.21419443780656744,-1.1019860042821437,-0.8004714255632059,-0.2511479337327329,-0.43998031238051594,-1.174107978514564,-1.7149230615982514,3.452506360260915,-0.4209679458037099,0.277695343031233,0.5971471488306122,0.6279259183912369,-0.1417106689940364,-0.23468906512900167,1.741610305793665,2.2070056065250725,-0.6850684668200446,0.7268926865033993,0.6499521067497704,0.9277251762722574,1.094163142068995
numHidden 	4
numGenes 	39
minGene 	-1.0
maxGene 	1.0
popSize 	10
maxEvaluations 	20000
mutateRate 	0.2
mutateChange 	0.5
seed 	1553629361187
random 	java.util.Random@51569a42
neuralNetworkClass 	class coursework.ExampleEvolutionaryAlgorithm
Training Set Training
Fitness 0.008841618064062026