-0.6105854411421912,0.5618489535635582,-1.0872281484848114,0.8553666460857214,1.159123075437973,-0.4207852792350881,-3.5069200707017867,-1.8358383489319419,1.7677657216590645,-1.1140243573989788,0.5470199693142315,1.4812589431474452,-1.6221896250466235,2.292589947416799,0.02859137119876487,1.137046503005323,1.6246010302635727,0.1520658035730349,-0.9219567985185539,-0.3356421341165743,1.2694213687929459,-2.6843720858885822,-0.437255746009773,1.8946534066539733,0.6930507740623326,-0.1632874412466907,-0.41646255888791583,-0.44809946395394484,-0.4149646817822452,1.2526345375870291,-0.007561810535500646,-0.7069652604594927,0.14694473318220114,0.6405099801589706,-0.19808716470408294,1.310670449213099,-1.8077537274616513,0.6547713946152767,-0.4626870985401681,0.9446564881944288,0.8164385859518426,-0.6897481451770835,-0.4686954984149436,0.2119607886438688,1.8721049093954818,-1.1389789241632289,-1.424954689920519,-0.9683812267918044,1.6245662515215455,-0.7831138842480594,-0.08796410038421776,-0.5324075931812566,1.113511623348042,0.06413596224461404,1.7025388027647397,0.21513828709448202,-0.36328970726611565
numHidden 	6
numGenes 	57
minGene 	-1.0
maxGene 	1.0
popSize 	10
maxEvaluations 	20000
mutateRate 	0.2
mutateChange 	0.5
seed 	1554301436283
random 	java.util.Random@1f17ae12
neuralNetworkClass 	class coursework.ExampleEvolutionaryAlgorithm
Training Set Training
Fitness 0.012962862313846909