0.9960979654381252,2.4889130816039096,-1.0538166207175121,-1.073719558050796,2.3537448118238995,-0.7306754340555632,1.7342142142376666,-3.065251736383291,-0.03377504092384642,0.1149503650209498,-1.399166119942674,-1.0872480516156733,0.060275741205956024,2.5183088859789615,-0.3009077623576395,-0.9485541343404786,-0.8479467398202889,-0.35669054188538274,-0.09593080300618384,-2.439172002238435,1.3782922205311194,1.2426294099235617,1.9970902168918834,-2.0213073870598794,0.23006413487750965,-0.5027653520819293,-2.636468639622273,-1.3034429358851685,0.022933673841227797,-0.6415722731177307,1.4257112385198591,-0.009045839546430567,-1.8341693041744755,-1.0330530934181983,-0.5828690561500312,-0.25112861863114144,-1.1680295687955997,-0.46971879212106105,-1.1984088712284935,1.2890098736491864,-0.01132989275483931,-4.341494071191344,-0.34952121751885756,-0.7940742416521525,-0.5910747738460655,-0.4094146837757995,0.6137826914976796,0.5020072914007108,0.7661254908318145,-0.5127721175632172,-0.7448368868625235,-1.577367172345454,1.704305256159957,-1.4769776087871211,0.46866540441952864,0.3727435306410114,-0.620161158511328
numHidden 	6
numGenes 	57
minGene 	-1.0
maxGene 	1.0
popSize 	10
maxEvaluations 	20000
mutateRate 	0.2
mutateChange 	0.5
seed 	1554301205911
random 	java.util.Random@1f17ae12
neuralNetworkClass 	class coursework.ExampleEvolutionaryAlgorithm
Training Set Training
Fitness 0.013862434035148608