1.1642924668494847,1.3295607685144897,-0.5906828882164961,1.5466667633054278,1.4487563286309375,3.7995353423340887,-0.7178336664269844,-2.690989878208539,2.928240634476154,-0.8862934510286764,-0.5575648467197643,-0.07207252759323679,-0.13281472527417693,0.5446120475374794,1.3832246039027853,0.8608362270582492,1.7499794882348192,1.4793083552851716,-1.5417716998422986,-3.318833856525634,-1.4101251935070307,-2.4529806866968666,1.939753665829363,0.07966633580378346,-0.7139434336581283,0.08957487086276705,-1.3862983581604622,1.860632157184754,1.444462238212693,-1.98232931439025,-2.414117320697648,0.6489349876325152,1.4861384856149387,0.4573056848618886,0.9134993790985682,1.1663128452007439,0.8376314870854404,-0.9854156412193844,-1.0545478137776174,-0.8595391660280658,-2.6761718330284743,-5.350309294490405,0.08367684364069583,0.9431610433435758,0.27745813008746945,0.467015619303786,-0.34409458185213393,-0.16551326698499147,2.0931628308723864,-1.4527520026160339,-1.0938735675277191,3.3329179094035335,0.06329431322254364,0.7102574522715173,-0.114202381072668,0.9057501750994075,1.8697226881036577
numHidden 	6
numGenes 	57
minGene 	-1.0
maxGene 	1.0
popSize 	10
maxEvaluations 	20000
mutateRate 	0.2
mutateChange 	0.5
seed 	1554300612986
random 	java.util.Random@1f17ae12
neuralNetworkClass 	class coursework.ExampleEvolutionaryAlgorithm
Training Set Training
Fitness 0.03900474364630965