-0.711965753809622,-0.31014263359433825,4.99059365893538,-0.6157082717783566,0.9339445035999667,1.1706749591318149,0.18897928697416044,-1.0277253273724112,2.368497630904174,1.380637169205531,-1.9914073566091948,-0.623589314315689,-0.4600078632572513,0.8744982297744626,2.2926428233806386,-0.8004664892344306,-0.044984774142546646,2.3009733201286258,-2.067236385855203,-1.562693753924076,0.08839672816439004,-0.05845547766943837,-3.710759733368713,-0.22839412413025584,2.8740237773480732,2.382938872125499,1.0864827449483017,3.8825068170674593,-0.483745615486485,-0.690029438722662,3.213149319481574,-2.3481929847463365,-0.23808018051350666,0.7666166299371593,0.056636774376174204,0.5437480467788773,-2.4022424132650526,-2.7215317157480006,0.9566014096880446,-1.4210470190944913,-1.8259638059186125,0.20746933319493466,2.89647551064247,-2.4406269909948817,2.5223479093306915,-1.0152305116698201,1.3784296045030293,-0.6170328761349408,0.07407007413427658,-4.930849684809257,-4.49034387258607,2.8741347274720574,-2.7643006610905907,0.8429807458318308,0.19686866427364036,0.9825809397820697,-0.779754021834689
numHidden 	6
numGenes 	57
minGene 	-1.0
maxGene 	1.0
popSize 	10
maxEvaluations 	20000
mutateRate 	0.2
mutateChange 	0.5
seed 	1554301324504
random 	java.util.Random@1f17ae12
neuralNetworkClass 	class coursework.ExampleEvolutionaryAlgorithm
Training Set Training
Fitness 0.018105030260658034