-0.5433871104992583,-1.049656483826668,1.444059939675713,-1.4302211968794785,-0.007267927604464264,0.22344971521851664,-1.3337175621566797,1.4181409267226854,-0.8424077397518688,-1.8147870784741635,0.7282116720561922,-0.17501305157205538,-1.7824641210389174,0.02005385308461194,0.7454273153915609,-0.6718294880093147,-0.2841436044968886,0.8172622526558726,0.12532016239007548,-1.1267732312128647,-0.17422292418168284,-1.2706710374341634,0.7635764186891292,-0.04093333570971747,1.306964111111996,0.46281817073220854,0.938725169954685,0.48148792680267594,0.8371438092845689,0.736071854198056,0.9085789429839124,1.7026321093246233,0.37475463089406547,0.13787411934037364,1.0897079777680303,-0.7851735195995828,-0.018692604712769567,0.753961892519416,0.6354137942395903,-0.9172694043073166,0.9237286030783689,0.5872952426159359,1.887639811044579,-1.3254157436204397,-1.4369118162652827,0.27330473716144166,1.2823166840550544,-1.3882085941807447,1.0861965282074262,-0.21301384233412057,0.24470361383693517,1.8180294207536258,-0.31573192268475236,-0.16546855867987498,0.43198766771886477,-0.736054411989745,-0.9310043649794744
numHidden 	6
numGenes 	57
minGene 	-1.0
maxGene 	1.0
popSize 	200
maxEvaluations 	20000
mutateRate 	0.2
mutateChange 	0.5
seed 	1554309651151
random 	java.util.Random@1f17ae12
neuralNetworkClass 	class coursework.ExampleEvolutionaryAlgorithm
Training Set Training
Fitness 0.05560886835720844