2.237686818632562,-1.8020982631942253,1.9715925449548317,2.5784806021157514,-0.11925681655510623,0.49657075196728084,1.8752790917227737,-1.6946957672773368,-1.1130157484264167,1.5940294843194724,-1.5936260527461836,0.49163741039045905,1.7084616937523727,-1.370688638298954,-0.10937369915713147,0.3684389146089566,2.938949190608202,0.309965755446721,1.9248399622827947,1.0158888973901474,-1.5687786846585365,-0.9153877899530702,-0.8640547735309061,0.4360130315099633,1.4640740536454468,1.30820473355087,2.0967043058149564,1.1285091431203746,-0.0632976391872655,0.241961613297341,-0.4138647851082924,-0.5050392562449917,0.9726460105307184,-1.5560994930383234,0.24011971611545002,0.084482876938615,0.9415381540612249,-2.3961363235432156,1.76901474584907,-0.5969700600481938,1.6389520563755449,-0.28969800927790534,0.3116640053578992,-1.270703051606271,-0.9615301242981544,1.5784931529539723,-0.4696771098143804,-0.958124631182854,2.8094807943849536,-2.0111306418547823,-1.4214367934915864,0.057104247072795156,0.09908156500590826,0.519555807847776,0.7468204347533007,0.9049955111531816,0.29664453772079913
numHidden 	6
numGenes 	57
minGene 	-1.0
maxGene 	1.0
popSize 	200
maxEvaluations 	20000
mutateRate 	0.2
mutateChange 	0.5
seed 	1554310325668
random 	java.util.Random@1f17ae12
neuralNetworkClass 	class coursework.ExampleEvolutionaryAlgorithm
Training Set Training
Fitness 0.030060154551394595