1.2985387018467134,-0.3576737621824453,-0.2981887571803279,0.4708695454505045,1.0543367487555195,-1.8657178329253439,0.16149787374061586,1.5468297779784281,-2.6822103923714122,-0.7987686898270594,1.525532488089305,1.0609142386172354,1.0638839952161658,-0.9954682016302401,0.38510385583833395,1.4571454056445055,-1.7756522795389968,-0.41730934458296165,-0.16089830702749786,0.8169142629907464,-1.2214808667318562,-2.420674900860499,2.0925936314162157,0.053578501474654594,-0.6373175928004053,-0.713465504010468,3.2491092239559207,0.18794137861508897,-1.4065200071506425,-1.3021946215130629,0.6877696783180631,-0.46750619896248025,-0.6592476507558247,-0.9344198327552469,0.3730465799195133,0.6351449414839261,2.304276844567477,-1.47150978928212,2.0353304015840736,-1.4167172289166297,-0.9995511641201527,3.0860309382279,0.4006206691668821,-0.990927477927332,-1.9258278011872592,1.2739889813053673,-1.4832826870195255,-2.055992911363292,0.4207029849904762,0.8406180569604931,-1.520846283631239,-0.1891971875625662,0.853324300676499,0.8834863003012872,0.040932654832220194,-0.0032036155250114717,-0.8731445545419791
numHidden 	6
numGenes 	57
minGene 	-1.0
maxGene 	1.0
popSize 	200
maxEvaluations 	20000
mutateRate 	0.2
mutateChange 	0.5
seed 	1554309907710
random 	java.util.Random@1f17ae12
neuralNetworkClass 	class coursework.ExampleEvolutionaryAlgorithm
Training Set Training
Fitness 0.06495507400680892