2.7534010393765516,-0.457836869792567,-0.3365441031077352,-0.90817813852726,0.04377149968003691,2.209955765232844,0.9985752838457358,-0.2731105005769521,1.4612828181619946,-0.8494612654216736,-0.020348717739061772,-2.981346832708123,2.1138102362169393,-0.4320101476746905,-1.2623498951476342,-0.3713573538683568,0.2995664828385327,1.504218768626304,-1.2709725306100517,-1.4160224718681829,-0.5610951559115211,-1.4489662279403777,0.7771392209332961,-3.996046530637277,-0.8932034783531706,-0.8223005352128483,-0.40892944429298717,1.2849445790371492,1.1950073414443447,-0.14309890318022678,-0.16407090609801855,0.30690883196803886,-0.8767581466008414,1.139220220973196,-0.5147171966635002,0.0551093264758693,-0.3978839712924789,-2.6497452326260102,2.020988898999253,-0.9608062752579027,-0.2777622319172184,-0.13821075394083415,-1.380994941915949,0.7667999860498749,0.7389896131702081,-0.18927153793495477,0.3934513715781942,0.40855803161740867,0.8911277565564857,0.7028686600273146,0.5181754641953547,1.6344478268835387,-0.5142537440026045,-1.9533783247689112,-0.2952655571190841,-0.06347337310745083,0.6117428977791866
numHidden 	6
numGenes 	57
minGene 	-1.0
maxGene 	1.0
popSize 	200
maxEvaluations 	20000
mutateRate 	0.2
mutateChange 	0.5
seed 	1554309819573
random 	java.util.Random@1f17ae12
neuralNetworkClass 	class coursework.ExampleEvolutionaryAlgorithm
Training Set Training
Fitness 0.01882860275833796