0.14371055243551734,0.0071559399333606805,-2.4997565410316445,-1.8685313707155162,-1.590699518416174,0.544766105874589,-1.3955135734406616,-2.984656421531624,-1.795639662828938,-1.8128334398862609,2.4828171326277504,-0.2611204319458138,-2.9277806395217105,2.105863561118583,-0.9965285205778205,0.11693709319494179,-2.966742084001196,-1.6659332094271009,2.2064601101616486,1.2356147509540403,-1.8587612081428269,2.995328953167377,-2.996541040037882,2.4945607884981067,-0.6771558707260499,-2.706649539945056,-0.7689755898069444,-2.4178552663436816,0.7257785920139082,-1.1160198050720591,-1.3406821917584275,-2.68043376482109,-2.79678721904798,2.9391192803316164,2.2190717399292987,-2.508391850224392,-1.9083688952222255,-2.6615978997893297,2.5575762146941914,-0.052702992124531,2.5559516470111694,-1.2117954198833472,-2.6799886855357142,-0.11265279472588574,-2.208149658573179,2.171812526273486,2.2736287001247435,-0.9240653604304863
numHidden 	5
numGenes 	48
minGene 	-3.0
maxGene 	3.0
popSize 	200
maxEvaluations 	20000
mutateRate 	0.01
mutateChange 	0.05
seed 	1554401769471
random 	java.util.Random@1f17ae12
neuralNetworkClass 	class coursework.ExampleEvolutionaryAlgorithm
Training Set Training
Fitness 0.1345225825589988