2.9555836333910763,-1.291497446416049,1.129118585091801,-1.219246454997485,-2.5189562010168176,2.1464315437700305,2.8392073369028017,0.5836708450816712,1.2692268646548204,0.4206018163684358,1.9063812133550584,0.8202350969931089,-2.441715858721725,-1.4270830318552885,-0.5500454404172483,1.9357843812185906,-1.247454743848381,0.6451643720763247,2.44180069875552,2.7472240172138607,2.134542649221401,1.0079820611270345,1.158821055955407,-3.0092444108313647,-2.002152942661492,1.8748297919919414,2.6076436261452383,-0.6383629187913591,1.9190290632754938,2.57611818643094,1.3319590440035496,1.9088449866866373,-1.9442997954008152,0.760596417899424,1.1824494981862335,-1.5371557255663775,2.920454345980408,2.2393287806497826,-0.5522927934804294,-2.1387083153802653,1.1339920947882396,2.1688345629871453,1.0619549606937682,2.625022812823098,1.6664313725690656,1.5334939529752234,0.7229292241735816,1.1441108684341896
numHidden 	5
numGenes 	48
minGene 	-3.0
maxGene 	3.0
popSize 	200
maxEvaluations 	20000
mutateRate 	0.01
mutateChange 	0.05
seed 	1554401419250
random 	java.util.Random@1f17ae12
neuralNetworkClass 	class coursework.ExampleEvolutionaryAlgorithm
Training Set Training
Fitness 0.12147078760374411