0.25340529938119777,-2.9493664537268094,-0.7998855653884078,1.5790683033159745,2.496668255308112,2.1845986833013473,0.8458791906565075,-0.4551077339090362,-0.688646026345819,0.5420707062035968,-1.6452690371463503,1.7392616734395556,2.471143353866391,0.07536124939397518,-2.575163808935101,-1.3271279760155772,0.6472230966540051,2.074482221888033,-2.3105298861803014,-1.147257971616867,-2.380694375705905,1.1973801701075317,-2.065709337731305,2.117964689353272,-0.10368615275071136,-2.2979872897073363,2.8793419747564855,0.8563695880387683,-2.4903928169451515,0.5985280414860048,-2.656363572459373,-2.4944737646891886,0.6845773322223172,0.7306438367033952,3.0384380632921912,0.5515988203195805,1.3261992933917295,-2.337044459033133,1.936574838161632,-2.079922212613525,-2.8845641585086126,-1.6621299723781748,0.6572234873724019,1.1531950478541102,0.8378536145765927,0.601120173817564,0.5164429815563332,-0.7184102908040269
numHidden 	5
numGenes 	48
minGene 	-3.0
maxGene 	3.0
popSize 	200
maxEvaluations 	20000
mutateRate 	0.01
mutateChange 	0.05
seed 	1554401260141
random 	java.util.Random@1f17ae12
neuralNetworkClass 	class coursework.ExampleEvolutionaryAlgorithm
Training Set Training
Fitness 0.14334412433638774