-0.689693540919343,-0.7161429641495161,0.8808272338239509,-2.0248959925326675,1.9019476049652169,-2.116788920730645,-0.24625099990067573,-1.4321810781559818,-1.0370514356858547,1.6980031908997908,0.5997369449591448,2.203604215507105,0.9745176664415016,-2.6520387954927087,-0.20122502953912208,-0.2315206086649657,-1.0965282077232812,2.4135900453528762,-0.27112573656341077,0.2179800504780096,1.9222617162185571,2.842980617559384,-0.14430588231496638,1.681861738272758,-2.685509311058139,-0.14477359285195224,2.386468191018942,-1.148731323224008,2.5629628362983627,-1.9401090641661447,-0.47605053332210234,-0.24594924434924775,-2.9844965271598447,1.2554524787833135,1.9794402645402405,-0.46636937200740913,-1.6551318686035856,-0.9143960889747067,0.025745131929556034,-0.35858368585582223,-0.5815069129318731,-0.7588935284709919,-2.545106075868869,-1.899656768922207,0.588396989040243,0.9607463241411613,2.6698080180257087,0.5317179681745436
numHidden 	5
numGenes 	48
minGene 	-3.0
maxGene 	3.0
popSize 	200
maxEvaluations 	20000
mutateRate 	0.01
mutateChange 	0.05
seed 	1554402022799
random 	java.util.Random@1f17ae12
neuralNetworkClass 	class coursework.ExampleEvolutionaryAlgorithm
Training Set Training
Fitness 0.13202454609549152