2.277569742720771,-1.6398858540405556,1.4029617841026578,-0.7763035137091885,-1.333229824527704,0.8854583199599975,2.5787009641721474,0.06452909408243723,-2.4696880731802233,2.1753278415117743,-2.5846749464293985,1.0461161627083686,0.09794881299441327,2.958258198316264,1.4388283031520261,-0.8603281276319752,-3.384276467245,-1.916968033478045,0.2830367319583691,1.7731680202775668,-4.388968439931581,1.165195587167406,-0.5953444565762975,-0.815865356777159,2.1609527693903443,0.7498549373435539,-0.7372536566376744,0.3472662430874882,0.5422836517116303,-0.2497137777122873,-1.8731596346337063,-0.030786586147123707,-0.010902966538628434,2.812726241347494,-0.0495848440269242,-0.04509845746580243,0.5573404065966057,0.02639372140254581,-0.7767680857736523,-0.3565575222679591,0.5568414866952849,2.531798427205356,2.0231903901015684,-1.9005496827610897,-4.965621634208971,-1.3463962921907782,-1.153339085235367,1.1976123352523547,-4.594594786009145,3.1988991044256574,-2.821473069841406,-1.6351238660619276,0.047418417778660515,3.3471194572115697,1.6769102782933203,0.47205345540348675,-2.5952870679180884
numHidden 	6
numGenes 	57
minGene 	-2.0
maxGene 	2.0
popSize 	100
maxEvaluations 	20000
mutateRate 	0.2
mutateChange 	0.5
seed 	1554310819846
random 	java.util.Random@1f17ae12
neuralNetworkClass 	class coursework.ExampleEvolutionaryAlgorithm
Training Set Training
Fitness 0.009360400923790653