-0.24843867157410093,-0.07063819832708873,0.6672551766968389,-3.4778801060367894,-1.9182851969799106,-1.1095592935082865,0.6785216299631833,-3.1252159451647303,2.7507258629685665,0.3381694042533443,1.7628686170829715,-0.8022408323873442,-0.049523618094687194,0.19450667501158359,0.2366799535234123,-1.824964212098255,-0.8788247297746969,-1.960487477700199,1.8118098586966784,-4.838434658478411,0.9406616767004441,-1.4247003269036846,1.403627620695132,0.8872515295032546,4.056651250981749,0.34360343064619414,-1.9605186754070445,-0.32405878684633604,0.08794086615733354,2.189303798849463,-1.6641164526060903,0.4002489408685159,0.6676950562707811,-0.9481801351295549,-0.44017487895675034,-2.5857796830283823,1.08075458012522,2.139302279553202,0.6744025444151114,-2.7401804001247583,-1.230346766580643,-2.3647341459800613,-0.3184103334151125,0.16895335145595824,1.7437462861218287,-4.434696251039647,-1.0197237782754272,-0.664636188514157,-3.3284388692330444,0.7027253038948729,0.3747549318261272,2.2808585433879474,2.132822931291222,0.468379392461864,-0.14489220271912062,2.3355117317427676,0.6050891869217341
numHidden 	6
numGenes 	57
minGene 	-2.0
maxGene 	2.0
popSize 	100
maxEvaluations 	20000
mutateRate 	0.2
mutateChange 	0.5
seed 	1554311516677
random 	java.util.Random@1f17ae12
neuralNetworkClass 	class coursework.ExampleEvolutionaryAlgorithm
Training Set Training
Fitness 0.02898325701383385