0.7831740962893354,2.7461023506402005,-0.9551785234155217,-2.122904825646927,-0.7683798058232902,0.08134611386332713,-2.0147686342546844,0.012564995756955799,3.1579435751756826,-2.436838287874737,-0.5516177202602734,-0.9864024442661452,-0.14565939892429602,4.042839550710644,-1.7004194686369667,-4.414767391175359,0.11374557678143615,0.4906487295643771,-0.3651604533770132,0.12304995141402486,5.05852618440902,0.11134377968987996,-1.4766557371617468,-3.8100011854468887,-1.2196153504977372,-1.9954153164388195,0.26211478951421263,-1.9775073490444952,-2.667599359163035,1.7073572479946524,0.17538578743746758,0.6254202030356701,0.2826649859279713,0.24086521532759786,-2.8999006566136867,-0.5814815682722898,1.918407489600504,1.3119358534315642,-1.9740171769095243,0.8046144806879445,-4.184017067456999,-0.5995797835039411,-1.8682005703570979,0.8126676453628603,1.969375487660824,-2.8677277921051774,3.2834645449587363,0.3743657496979327,-2.228248305591771,-2.0961097473455945,-0.4881880783111825,-0.4534518465778805,-0.5507530322907064,-2.034631545279035,-1.7952476665822865,-1.6326311713109605,-1.8281411858974463
numHidden 	6
numGenes 	57
minGene 	-2.0
maxGene 	2.0
popSize 	100
maxEvaluations 	20000
mutateRate 	0.2
mutateChange 	0.5
seed 	1554311677415
random 	java.util.Random@1f17ae12
neuralNetworkClass 	class coursework.ExampleEvolutionaryAlgorithm
Training Set Training
Fitness 0.009710199565720879