-1.868826080440965,-1.7690497415289357,-2.7757704140427597,2.0139595119109868,-0.3682635296316757,-0.32095452649413314,-1.0446627730688904,2.1784356196417685,1.9689479936936558,1.9501876829447289,-0.919409404110709,2.0903273443679704,1.356533616281473,0.20437241806546141,-0.9040144009028077,-1.7539852925033679,-0.9129382677838698,2.8180342635090696,1.2846470438633573,1.5450408306901395,-2.5841188548776914,0.841607298047705,-1.1280523617914096,0.49995401803364503,-0.8126948354998342,0.6485781435151077,2.3195762359512857,-1.2531320997362922,0.26189791499247717,0.007485248693229529,1.1673904602730751,2.9116293514724028,-0.024867946838543625,2.9214996622336074,2.1224729678415244,-1.3366981604005783,-1.074497020995779,-2.460739697006704,0.6035517032462248,0.9919928712513488,-0.9398912790353497,0.4918497810909935,2.583023260650287,0.3815284398371455,0.6332832823693741,2.5321615391362453,-1.7621364627709104,1.0929428422648362
numHidden 	5
numGenes 	48
minGene 	-3.0
maxGene 	3.0
popSize 	200
maxEvaluations 	20000
mutateRate 	0.01
mutateChange 	0.05
seed 	1554403572309
random 	java.util.Random@1f17ae12
neuralNetworkClass 	class coursework.ExampleEvolutionaryAlgorithm
Training Set Training
Fitness 0.10227722384841494