-0.7502912042806518,-2.8722529939237234,2.396356175986698,1.9750300177606637,0.18726204774308686,1.1078902154277364,-2.1606616615581498,-0.7671577228376283,-2.6537855134883626,0.5114116082814772,-2.1381694747982363,0.04075538596745121,0.6772251017554749,-0.001237381080009925,1.2447248418378374,0.023540190484406226,-2.7217785181814187,0.12475973265317108,-1.8147163999196014,0.7029895608272927,0.08397581884068135,2.779951883895259,-1.798448872762306,1.4348033549158477,1.9649590330933808,-1.9309307830971703,-0.1530534735582849,-0.18701912446737728,-0.558563425066126,-1.3222505570419931,-1.9902114540938463,-2.240458584684797,1.9253131761633204,1.065753333881901,-1.1097226743805955,-2.3330221323614273,0.6774172553521047,-2.4990201585666894,-1.8002161615674985,-1.536226724807047,0.6879409726189372,-2.0639115949219295,-1.390314186918884,-0.281196181466302,-0.23642471786371194,0.7916560162809918,2.356509634054275,-0.6916305817513013
numHidden 	5
numGenes 	48
minGene 	-3.0
maxGene 	3.0
popSize 	200
maxEvaluations 	20000
mutateRate 	0.01
mutateChange 	0.05
seed 	1554403355153
random 	java.util.Random@1f17ae12
neuralNetworkClass 	class coursework.ExampleEvolutionaryAlgorithm
Training Set Training
Fitness 0.12872784512512567