2.3449035566884264,-2.1088999936689676,-0.8306408477846359,-2.523931577231428,1.2095630269858495,-0.6841829180214261,-1.4717543185406419,1.8109867646770073,-1.855456774164587,-2.1988914809173883,-2.4247312787705977,0.7771274483738779,0.4239504800272721,-2.1389794839072573,1.0695692507949863,-1.30531914242449,-0.049539383980509305,-2.319847227069802,-3.025887351324866,-2.4789058313375683,0.7222798861890984,2.264380555012238,1.0933842507358935,-2.9486594449783423,-2.228080683101947,1.5665412922207216,1.1689514030381023,2.9437876796226226,2.77401242320066,1.8208073496665682,0.643762005526979,0.15267615678489754,-0.6848234351728373,-1.7472420326614786,-1.6922387254144609,-1.1596890781790212,1.2043866933291547,1.5376309150246095,2.8010328399884585,1.1662927896839685,0.9309102347636897,-0.09076234942650308,0.40334890735879103,-0.07727488354390921,-0.4392878054947348,1.862866880557897,-0.26555658114423913,-1.015699108352349
numHidden 	5
numGenes 	48
minGene 	-3.0
maxGene 	3.0
popSize 	200
maxEvaluations 	20000
mutateRate 	0.01
mutateChange 	0.05
seed 	1554401576890
random 	java.util.Random@1f17ae12
neuralNetworkClass 	class coursework.ExampleEvolutionaryAlgorithm
Training Set Training
Fitness 0.11790627749833593