1.382731623424024,-1.3508359976322932,-1.6808499240161385,-0.9529088045620857,-0.7797573390302528,-2.1238255065100953,0.989851638207349,1.1753079542383282,1.1980718593707465,-1.807792376449258,-2.986440667576235,-2.2453973997260137,2.2651685920955185,1.8532530969330572,2.555705958817355,2.0305962741638144,2.9076724323949428,0.8474554340999181,-0.3896131606022042,-0.16912534902771476,-1.884992309108322,-2.494829576244479,-2.2817998339488863,-2.57683827552062,2.0047214391113597,-1.266107579742193,0.3703554354247176,-2.8683188177995715,0.2901494355335208,2.5686713567185153,-2.0771071841265827,-1.3492097538626642,0.9454634359791267,0.2567178965447729,-1.7044899122119312,2.70909841276109,-0.7593328430288762,-2.534423171780158,-1.6514391851178798,-2.36350283355121,-2.0148223296721572,2.231378010821147,2.7068690365469825,-0.6926260194539557,0.4099945418032642,0.7151320516189623,1.4839631016738624,1.1510470403139665
numHidden 	5
numGenes 	48
minGene 	-3.0
maxGene 	3.0
popSize 	200
maxEvaluations 	20000
mutateRate 	0.01
mutateChange 	0.05
seed 	1554401867302
random 	java.util.Random@1f17ae12
neuralNetworkClass 	class coursework.ExampleEvolutionaryAlgorithm
Training Set Training
Fitness 0.1322664954196802