2.699127445672957,2.4309767771835205,-2.437079637163696,-2.686079598029007,-2.404644343354514,-1.407593665624401,0.6572772505364162,-2.9042314828369986,0.08384505213483173,-1.9921890823072452,-2.2174457714948126,-2.4267912860719516,-1.2677475223527233,-0.13329002773443238,0.4094109459440519,-2.6389924563192357,0.8739680378174506,-0.6134525063223908,1.4897053671786242,-1.577196474221571,0.43923474754270353,0.15147219574617665,0.24343545193488403,-1.051089221552491,2.37662491909291,-0.7753617019314005,-2.0396934423376414,2.9074862712735863,-1.5363868475319624,0.16166617461044552,0.4129681112677425,2.9328828789697825,-0.9625798724267005,0.624582398367101,-2.8127156995000573,-2.7505686961454368,2.9041769317577115,2.499868127069816,-2.788343791437753,-2.539015102304629,2.059475483355988,1.7430066199023377,1.6060042080065529,1.835496481027812,-0.24383935262720247,1.8505164356572392,2.360965202195394,0.961390906491081
numHidden 	5
numGenes 	48
minGene 	-3.0
maxGene 	3.0
popSize 	200
maxEvaluations 	20000
mutateRate 	0.01
mutateChange 	0.05
seed 	1554401348432
random 	java.util.Random@1f17ae12
neuralNetworkClass 	class coursework.ExampleEvolutionaryAlgorithm
Training Set Training
Fitness 0.14782038105632342