-2.3893864756555887,-2.2479350753747047,-1.6679878115777607,0.4218400058776022,2.5339938760514613,2.2669915481875016,1.96853848661182,2.0919268675856024,0.506440428631892,-2.184838720167076,0.5837174506582556,3.1655667379117283,2.459244830884588,1.6888150329420877,1.4796397342691099,2.6427000889019547,1.7685947671090199,-0.9666095655652409,-0.8218041314664593,-0.1309777543477928,-1.378000900167115,-0.7695465197894034,-1.0745425128836381,-2.606916747554445,1.521650478474373,0.650494965254122,1.454571392164172,0.2312524307500114,0.6206494908732507,0.544741667017201,-1.0348641768697864,-2.760922472594493,1.5027134485160698,1.449791911575081,1.5849659952813402,0.49793117873955534,-0.4243038938279408,0.9824040720356972,-2.73756848459564,2.1961419941213807,-2.16241646678656,1.4970426540391704,2.173809721793302,-3.0718050774620664,-0.554758793069406,0.057762702218260825,2.345517251231228,1.1320817368762188
numHidden 	5
numGenes 	48
minGene 	-3.0
maxGene 	3.0
popSize 	200
maxEvaluations 	20000
mutateRate 	0.01
mutateChange 	0.05
seed 	1554401676363
random 	java.util.Random@1f17ae12
neuralNetworkClass 	class coursework.ExampleEvolutionaryAlgorithm
Training Set Training
Fitness 0.08899454560806357