-2.0688091899935985,-1.8974200991179468,-0.33590960627455807,-1.565203937142168,-1.4471719751896828,1.9961084264687596,2.6960604039188274,1.0717264111472256,-0.6068397726863932,-2.2085768019412892,1.5650994045972721,-0.8962285132231635,-1.0264385969973089,-1.2709141832498432,-2.3545144492835854,0.2519230195384468,1.627307901871128,2.3022095567261616,0.24126161750696795,0.8680958374972763,-1.2310895472664423,-0.5515065609307621,-2.892080255122507,2.0950945922853217,-0.49550935753944836,-1.3908280160007824,-0.3578497319671195,1.5415981133897425,1.1735747583335956,2.5341606744569205,0.015415630111812462,-2.518138560078942,1.3300844853221951,-2.1527169140258264,-2.719789067279025,-0.6853633308861147,-1.3580937005353455,1.3731115745544258,2.8266350093765222,-2.1993629880353023,2.856780634970786,1.1078386578947752,1.4790070166553275,1.969351019738441,-2.1118867011615374,2.93092868886045,1.6218696995337307,0.7950008909627346
numHidden 	5
numGenes 	48
minGene 	-3.0
maxGene 	3.0
popSize 	200
maxEvaluations 	20000
mutateRate 	0.01
mutateChange 	0.05
seed 	1554401498256
random 	java.util.Random@1f17ae12
neuralNetworkClass 	class coursework.ExampleEvolutionaryAlgorithm
Training Set Training
Fitness 0.11849786693237027