-0.7450738312477421,-0.72691058256962,-1.1189209031052636,-1.9450140332294135,-1.9553431599663609,0.556743682618789,0.45520234120314046,-2.58062202290582,0.3237551891425205,2.04202797294748,-1.6234211474493592,-2.5376196106525084,0.2530434452130306,-1.0072099514732387,-0.22135853898415675,1.1682794576406739,0.8785296239259384,-1.9220442766125208,1.6766113169168166,0.45145763447905374,-2.470056516560975,2.195853514499663,1.3341829141977266,2.6455061780860074,-0.19613991831672506,2.4162512553507387,1.289881327104225,-0.6030472638655868,1.9176109044767038,-1.8534484763229253,-1.0293719357864974,2.4456330121844374,1.5521509118516041,-0.9367946629753401,1.5022286238021945,-1.7962852052039884,-0.3940732336438747,-0.9824104984100095,-2.282512234128751,-1.355856965742667,2.8375325652115384,1.524291048875416,-0.4465266181691625,0.03278075890794492,1.2448392727052633,2.5648076344682798,0.9413530278870781,-2.03196389378418
numHidden 	5
numGenes 	48
minGene 	-3.0
maxGene 	3.0
popSize 	200
maxEvaluations 	20000
mutateRate 	0.01
mutateChange 	0.05
seed 	1554402096837
random 	java.util.Random@1f17ae12
neuralNetworkClass 	class coursework.ExampleEvolutionaryAlgorithm
Training Set Training
Fitness 0.10572709625273886