-0.5645619486139195,-1.3748761741935709,2.265173797068134,-1.6756577061948819,-1.7115626356883393,1.3571646142948035,-4.750968791688157,0.4874049324231283,0.0045570765380714695,0.5484705785613109,0.5755430944485549,-0.03191362368097339,2.153881718027208,2.8911048074874817,0.7147639642896311,-1.33840773126964,-0.5105835941019329,1.9454479353781422,-1.6247480975763626,3.7269038134931085,-1.8749427915859402,1.5660648578534107,-0.678245990548297,4.676414459220815,1.5672667899504116,0.6030665104949322,0.44005444854603376,-0.04569433932713318,-2.0130414842106603,2.503313640164183,0.3200289394753606,2.764606642839721,-1.4301004966906181,-0.4087561621350522,1.392522483318059,-0.5121988266795631,1.6315313934938502,1.2714753040219189,-5.402174046419884,-2.0794961906943987,-1.486121910101516,1.4168664478038475,2.7004036990340565,-0.817705134366878,0.19983191660479516,-1.1299086235686757,2.1021722646934355,1.1728283845592222,0.8875262416041596,-1.9411496182828252,3.1267863555593207,3.577355620627972,-0.8198882055040085,4.127311433996022,3.1095476785161584,2.435522796163212,-0.5652521157178539
numHidden 	6
numGenes 	57
minGene 	-1.0
maxGene 	1.0
popSize 	100
maxEvaluations 	20000
mutateRate 	0.3
mutateChange 	0.5
seed 	1554388668637
random 	java.util.Random@1f17ae12
neuralNetworkClass 	class coursework.ExampleEvolutionaryAlgorithm
Training Set Training
Fitness 0.01029951763513122