-0.006897436371922638,-1.4965478659934455,-1.4894163844111854,-1.5797586043668295,0.1484869804908936,-1.1188584017921865,-1.677671751971887,-0.6597823870325767,2.4785277722797963,1.0412893358130835,0.982898852277447,0.9208851684120035,-0.3247121975905579,1.1914459567866102,-2.367128629464009,1.6501458175512127,-1.5667192784896282,0.2314420933546283,-2.976095091975475,-0.9444104666454024,0.5061523561076665,1.6526005029920565,2.203657208447784,0.39223304891289423,-0.9183874323199216,0.7107869347960826,-0.08343154747738879,0.9073482989448449,-1.655639245200669,0.4246694818461095,0.12635162036497172,0.720537511731836,0.32773611275973685,-3.4560159082861928,-0.5807384067851514,-2.9492218330149225,-0.6210491393462164,0.7210607629398501,-3.820912925945976,1.3215243674113784,-1.4265017606625667,-2.7541417488143844,-3.622497670628884,4.102448285097926,-0.17245699641680962,1.1495053460508693,-1.2144612049826415,-1.457856538877638,-3.3729157501580906,-0.45298287292132705,0.6140499594172304,1.5752458921224706,2.473411711454846,-0.6758233676325803,-0.7918182793622314,0.49028924228492243,0.14142796052992263
numHidden 	6
numGenes 	57
minGene 	-1.0
maxGene 	1.0
popSize 	100
maxEvaluations 	20000
mutateRate 	0.3
mutateChange 	0.5
seed 	1554388580683
random 	java.util.Random@1f17ae12
neuralNetworkClass 	class coursework.ExampleEvolutionaryAlgorithm
Training Set Training
Fitness 0.011820517198554797