-1.6221070531545003,0.9980927979884362,1.6192583113315113,0.11652290831369772,-1.732698493856447,-1.0459843665183222,3.717177858155122,1.3593640515969234,-2.3692525514868064,2.3005262587727877,0.09072303400958592,-1.598758243776634,-2.7802265293534036,2.3318036534659736,2.5197505032573684,1.6466190560283853,-2.9031781280880504,-1.1518655578243364,-2.7337174230864907,0.5622825551232243,-1.640115208732252,3.80556102544413,-1.4803535134092174,-1.05984272853773,1.170924196423179,3.147474896319876,-0.8598138807955381,1.1280271370029638,1.0005190430836524,-0.7230851195575918,-0.6592543918724114,-1.3299688244909322,-0.35712030689097995,-0.22651623492352724,0.013758165732635497,-2.217790388446588,-1.3055500123532835,0.5527414631300133,-1.4178111361185244,1.366453727930831,-2.4929391839720503,0.030136163793567317,0.04715589308905577,-4.4361972067495135,-2.9627365424549366,-0.43933012221446555,-1.108726800411055,3.4164458802676463,-2.7766274406924856,2.6166270867214716,-0.4859951840916155,0.04606104740260686,2.356669870925413,1.217585138955549,0.1518293594430996,-1.2972110841784315,-0.46951984610096387
numHidden 	6
numGenes 	57
minGene 	-1.0
maxGene 	1.0
popSize 	100
maxEvaluations 	20000
mutateRate 	0.3
mutateChange 	0.5
seed 	1554387980954
random 	java.util.Random@1f17ae12
neuralNetworkClass 	class coursework.ExampleEvolutionaryAlgorithm
Training Set Training
Fitness 0.014770216882054816