-2.592912822228122,-0.4945229137809465,-1.5359847977385594,1.3278626226414278,-0.48482892311643866,5.351821107823642,-0.28159939530396794,2.87866708653954,-3.375034180882017,0.9313466035785583,1.4680771726112578,0.0011479423035392067,0.18771605533908864,-3.987845762520359,0.4600075750013765,-3.699975274401776,-1.691347970695591,2.4810073820216365,1.612483117685135,-0.6114705519651724,-0.5139270677806737,0.562891571223497,4.174062250646291,-1.0610930790282709,3.0975384506905628,-2.4827360107637904,2.5727166794425003,-0.005272014095360156,1.0907362041661934,-1.3602838768298064,2.404359525592463,1.2073865952629452,0.7103845996765453,0.7646101662610257,-0.05781762862954726,0.13497225432226356,0.7416852923932926,-2.2771019597063686,-1.6500070296247196,-3.3154238996515577,0.5322016225282589,0.49130058765239604,-0.2958494642369088,0.27982154290267786,-1.2750120599207435,1.240036634275693,3.642667347980403,-3.2368763754477774,-0.9127050485522733,1.4160739983091766,4.625532229498824,-0.2539353842206845,-5.258153346665436,0.40783889146079205,-0.8457063152055349,-1.136769777596118,3.9673142335339917
numHidden 	6
numGenes 	57
minGene 	-1.0
maxGene 	1.0
popSize 	100
maxEvaluations 	20000
mutateRate 	0.3
mutateChange 	0.5
seed 	1554388903243
random 	java.util.Random@1f17ae12
neuralNetworkClass 	class coursework.ExampleEvolutionaryAlgorithm
Training Set Training
Fitness 0.01009516158740088