-0.49387002029714044,0.17125346211601272,-1.1628975592701072,2.3261089984443757,0.916052439200682,-1.8743484949601663,-1.259662377820078,-0.8492597403928972,2.153144811924241,-1.0634958375259482,-1.1523906185850612,-2.6307379181362176,0.7104891691100622,0.852160983284581,2.262006808188102,2.3395319902066256,-2.2809501346322563,-1.2874192203435149,1.4464169057175948,-1.8451057394336068,-3.650070766898004,-3.1500591312171373,-2.339498524032961,-2.9567491259605507,-1.375334474396411,2.1165082954475625,-0.6350125382892806,0.15053329475829857,1.295111830657391,-0.9491925736967444,-0.3912832161106339,0.9617517280448027,0.8482538324725376,0.023879758667569473,0.19451168095224386,0.19577040054565997,-2.3429015256585073,-1.715572296017819,-1.1383292461103947,0.32889161354083873,-0.939386859798085,-0.37707585431264246,1.94907471763075,-2.5822961552017816,-1.1920800464119086,1.6579442619649318,-3.815573331624149,-4.015389863512108,-3.681094608063078,-0.05173029302415838,-1.0846150132049175,-2.1580564627858574,1.7155279457213566,-0.7820777079660317,-1.532760838635317,1.5060026901192791,0.99938322864411
numHidden 	6
numGenes 	57
minGene 	-1.0
maxGene 	1.0
popSize 	100
maxEvaluations 	20000
mutateRate 	0.3
mutateChange 	0.5
seed 	1554388784140
random 	java.util.Random@1f17ae12
neuralNetworkClass 	class coursework.ExampleEvolutionaryAlgorithm
Training Set Training
Fitness 0.009902329707001415