-2.1858978294719265,-0.24643179110038943,-2.2484575028149676,-2.3606112569613957,-1.6827280088768597,1.9844956138731324,-0.39725322378019534,-1.0437308554986264,-2.5845829764541532,1.453109520942969,0.5736367192071501,1.5027054780045999,-2.7518362065242155,-1.9493299813361682,2.573567721964091,2.737638729140702,-1.4234736030105664,2.1324351504136736,-1.2414364125244035,2.5433123147262746,-2.8479370395697003,0.8155331992735828,0.3814314687075444,0.022133264980250367,-0.8394311471690188,2.4670172615939343,-2.0710872477733684,0.2777807932843947,1.4477109826016725,2.541836237580587,2.08987522516684,-0.481571406500431,0.5807383786105542,1.4326741949935038,-2.2298384350604312,0.40310600737067137,-2.4296470722784242,2.7155692118742802,0.7772530732739271,1.7544830529775748,2.363608252888591,-0.8465502509609348,1.1564293916739061,-2.168255643150219,0.8697349806881096,2.0207799609355996,1.7244467997886141,-0.35854000824051785
numHidden 	5
numGenes 	48
minGene 	-3.0
maxGene 	3.0
popSize 	200
maxEvaluations 	20000
mutateRate 	0.01
mutateChange 	0.05
seed 	1554459230617
random 	java.util.Random@1f17ae12
neuralNetworkClass 	class coursework.ExampleEvolutionaryAlgorithm
Training Set Training
Fitness 0.08068173058820112