0.17674705591815404,0.1437445921413744,1.8528988240844537,-0.7771015249580968,-1.055474337845368,1.1871308588394065,-0.5312440426061289,2.860556566473048,1.3645385672261179,2.288562775646608,2.0829425770807264,2.6601151980950375,-0.7528289767084082,0.13177542234336545,0.17695358135455364,2.7082467305100524,0.36324061375887434,-1.5013973121776785,0.4729506858654865,-2.6285452884142,1.2970493325486707,2.8757365733913494,-0.8067347244392276,-1.20898433786546,-0.9716577421520312,-3.0790652785439576E-4,0.29619438292304495,1.3753036364108946,0.6397917213623814,-3.2213125578558897,2.421419805968836,-0.06867416662781878,2.304049290736061,-1.2905567103444957,2.9942517128183113,-2.97737509224305,2.0493256249183336,1.3237053288121043,1.2317197656049599,-0.02203358018307977,-0.21511545447387492,0.8035871854196976,-2.542477399199102,-2.0123336402333623,1.7126641103827955,-1.7655707496710331,2.236465549258587,0.929343971208592
numHidden 	5
numGenes 	48
minGene 	-3.0
maxGene 	3.0
popSize 	200
maxEvaluations 	20000
mutateRate 	0.01
mutateChange 	0.05
seed 	1554459454765
random 	java.util.Random@1f17ae12
neuralNetworkClass 	class coursework.ExampleEvolutionaryAlgorithm
Training Set Training
Fitness 0.11614417488026378