-0.4218602108082912,-0.572966140947943,0.12963487742470647,-2.362665169807702,0.38977254018853813,2.0023734298666085,1.1347721019890793,-2.6747397688359555,-1.35490102982749,0.5861591668421484,-0.6343887332753899,0.19284596677236587,2.4526565376097897,2.660757950131252,-1.1577788075033273,0.23670996135006606,2.5366315133782384,-1.2723165744248714,0.7762245197681974,-1.9238129008523097,-0.5278067042076726,-1.742859908227128,-0.6728087758391981,-1.1309168788050195,1.4036103284586563,-1.2192491040058286,0.894153902474224,2.1555716228113013,2.0266644309880526,2.12751086749444,-1.7061282478707671,-1.9393572880341683,1.9454717949247753,-2.911379932221209,2.437717207561385,2.954093705015138,2.578043070601786,1.7402949870756768,0.3629175335252331,2.096041414160255,-0.31256109432558743,-0.3341235528965183,0.24412313634075183,2.4815482881980584,-0.1545372622561616,1.7040929259972952,2.793481370661423,0.3806396053447276
numHidden 	5
numGenes 	48
minGene 	-3.0
maxGene 	3.0
popSize 	200
maxEvaluations 	20000
mutateRate 	0.01
mutateChange 	0.05
seed 	1554459597289
random 	java.util.Random@1f17ae12
neuralNetworkClass 	class coursework.ExampleEvolutionaryAlgorithm
Training Set Training
Fitness 0.12201086764689398