2.0544144477598634,-0.46448813031123865,-0.3833842062857597,2.601977216137775,-0.7196823818400628,0.10735321015386123,0.0476257199242653,-2.504181690265412,1.0082134714468258,2.8154221670821773,1.9830246104711244,0.16411514769343843,1.7308618139906435,2.139182336162201,2.3631323335032235,1.6773010006417175,-0.04690829225368054,-1.7774360645676308,1.9783305631276307,1.3813371838378206,1.9089315031264504,1.4474321586735794,1.8015867475770513,-0.2584446111864313,-0.2046993496634194,-0.9634376897620411,-1.8036393072105956,-0.4034013094117096,1.7119058662397986,-2.1757133200868273,1.8487527571126094,-0.7475483531746903,-0.4515567778236469,-2.0182902521530197,-1.8162586177492628,-1.7414635894085702,2.0839933281902887,2.774788479115073,-2.682647392038491,0.4363279573469255,-0.24235962435199665,0.1522256547089821,-0.12491691894947181,-1.669001080836044,2.6107856618642913,0.5058561929589263,2.55254223952665,-1.495751830912831
numHidden 	5
numGenes 	48
minGene 	-3.0
maxGene 	3.0
popSize 	200
maxEvaluations 	20000
mutateRate 	0.01
mutateChange 	0.05
seed 	1554459527240
random 	java.util.Random@1f17ae12
neuralNetworkClass 	class coursework.ExampleEvolutionaryAlgorithm
Training Set Training
Fitness 0.10676666253741053