-2.9340839913606027,-0.09415538053170495,-0.4385084134183794,-1.6292942024881587,0.9407719249633282,-2.271091511562825,1.3312051186005183,-0.22397015977697626,2.7031024724827875,-2.502559565584964,-1.0953961398630905,-1.28981032096054,-0.6684816823780703,0.4105855522217226,-1.1730208760741874,-1.1162519202587728,-0.929754546778123,-2.500090563791483,2.889931008056589,-2.3505005191533117,1.4441746479402096,0.3468914533892886,-0.6694093365434541,-1.3176074484290556,0.2699622923569214,0.2512897967460496,2.8169136080003785,2.914454973562105,-0.04972293293986674,1.2653073212109147,-2.180482306757962,1.9970349890080172,0.29532211781425605,2.8314699236213148,-0.263624995763454,0.15312277109607653,-1.487560124026703,1.4082963399619406,2.085034708299739,-0.03103844666337778,0.8240093970387588,2.6870008301920354,-2.683976833120757,-0.4579039741918738,2.0151520619124614,2.6975780506469205,-1.635145853436661,-2.953053573037298
numHidden 	5
numGenes 	48
minGene 	-3.0
maxGene 	3.0
popSize 	200
maxEvaluations 	20000
mutateRate 	0.01
mutateChange 	0.05
seed 	1554459374800
random 	java.util.Random@1f17ae12
neuralNetworkClass 	class coursework.ExampleEvolutionaryAlgorithm
Training Set Training
Fitness 0.04951297712800392