-2.6696761391303827,-1.1305885228783663,2.3733097267160685,-2.9273790412088654,-0.05372959158419928,2.5728676768867293,0.3412312893918159,2.5349660949811064,1.963768254615961,1.870047672893615,-0.884653471174391,1.5327606991912486,0.0859458086848573,-1.018128469010843,-1.4563368380458852,0.3067386599836136,1.5889496737059343,1.8247156100466118,-0.693216364072518,-2.2695962221858763,-2.0136044275733784,2.5890633608069624,-1.2195253210316757,-1.3282592299123468,0.06759392601555048,2.1943909251121543,1.7983929879598874,-0.8613259511390567,-0.03199245873867991,0.2788562635367935,1.2645637414712019,2.0279368234409914,2.0474798405744536,2.128097740278311,-1.3274204342888287,-1.539098006252131,-2.4830006759607413,-0.3425165013316411,2.829125360587442,-0.2872150825896968,1.1891862870629852,1.0234259339554228,-0.9254848168669021,1.057577220707705,-1.0157280749005457,2.335672924740032,0.47697073619538805,1.26379590537193
numHidden 	5
numGenes 	48
minGene 	-3.0
maxGene 	3.0
popSize 	200
maxEvaluations 	20000
mutateRate 	0.01
mutateChange 	0.05
seed 	1554458917918
random 	java.util.Random@1f17ae12
neuralNetworkClass 	class coursework.ExampleEvolutionaryAlgorithm
Training Set Training
Fitness 0.11733438630854005