0.8761444478288241,1.8060089569779814,-2.5019192922391147,2.00835483637242,-1.4915666796284528,-0.3622220300149328,2.274914392241767,0.9769212390895397,-0.39962997005216055,-1.8910534535662764,0.30783465817614014,-1.285045124237342,1.5210497247095565,-0.9199971503040909,0.22201123967097647,-0.9980652372501089,-2.5099167228800656,-3.068315144687759,-1.14282574341207,-1.9219669482888129,-0.9580339630280754,-1.3396097328716563,3.002134049270251,0.1966663714746999,2.2242223083675654,0.7068600651017061,-2.1028772933315185,2.3539237779286775,-0.848306706173966,-0.6091327712948171,0.5935271482561393,-0.5928175467029533,-0.591520172527872,-2.3586647071505324,-1.4122530975663334,1.3408637137527846,0.0401857704403393,-1.3539775849796503,2.0788199995287595,-0.7659358205975357,-2.582052041694249,-1.7714238952847021,2.765466520210489,-1.0433874746528515,-1.196377284062353,0.08158498863447254,1.8292413824176454,-2.534716233628134
numHidden 	5
numGenes 	48
minGene 	-3.0
maxGene 	3.0
popSize 	200
maxEvaluations 	20000
mutateRate 	0.01
mutateChange 	0.05
seed 	1554459772816
random 	java.util.Random@1f17ae12
neuralNetworkClass 	class coursework.ExampleEvolutionaryAlgorithm
Training Set Training
Fitness 0.1153677878846497