-0.7909565229606879,-0.9429973726471526,-0.5471403159852741,-0.18588611476186506,-0.029476424656561445,0.31746065829119496,-0.5069131827998856,1.421542903889927,-1.696845225613274,-1.3673997000252476,-2.129320459863392,-1.636392723768587,-0.5739711110091144,1.144401498277454,-2.86972377480875,1.874648456549668,-0.7033720865967259,0.19441718476001313,-2.846496339371472,-1.4580114626979128,-3.0092386218275538,0.4886866032278392,-0.9247855644823901,-0.5210526998922163,1.74983788314651,2.913018049959736,-1.8300295873141537,-1.417937283833351,1.0472870736867872,0.44906321851078185,2.375940754803647,2.0262061212252274,1.5563246201760996,-2.798622138700732,0.35857876766947,-2.3259394361768457,1.754066540911892,0.822685253206918,1.6807622512709515,0.5045878582631523,1.6079280483502776,-1.2857234734546112,-1.4480161072808695,2.1787836075218716,-1.5627523210032463,2.775062065860456,-0.44730811504164836,-0.6378101995775074
numHidden 	5
numGenes 	48
minGene 	-3.0
maxGene 	3.0
popSize 	200
maxEvaluations 	20000
mutateRate 	0.01
mutateChange 	0.05
seed 	1554460369603
random 	java.util.Random@1f17ae12
neuralNetworkClass 	class coursework.ExampleEvolutionaryAlgorithm
Training Set Training
Fitness 0.1139277244694423