0.8591910544032402,0.6752960885276957,1.307897290840286,-1.6102328188857307,0.5333994141943208,-2.5095442936506878,1.3616356444132727,-2.7497344395670753,-0.6612249414964904,1.044180259370722,-3.0354550788120456,0.8360824397729094,2.7936456162670913,0.00248617060807943,2.8231714052844747,-1.099149384123701,2.5396858261778785,-2.803694582076499,-2.3703660861252684,0.8079226467783378,-0.8176945358394729,-0.1299636711736552,2.9844675137795917,-2.877610246942158,0.11739959470642818,-2.5739617563990294,0.5567671403973968,0.26877282188781093,2.109818068476029,1.2448183449547754,-1.4642325033120633,-0.866474653109296,0.3023616761611983,-0.48080205262201803,-2.727085831351267,2.9154157144136716,-0.9489431596476612,-0.7991760602263644,-1.2483414391631378,1.7184116261906661,2.3384774670971353,2.5673101907072393,2.2447225847738332,0.23917342772705386,-0.5596200912393023,-0.9494953628584655,-0.49370467415177205,-2.0227290209113957
numHidden 	5
numGenes 	48
minGene 	-3.0
maxGene 	3.0
popSize 	200
maxEvaluations 	20000
mutateRate 	0.01
mutateChange 	0.05
seed 	1554459842888
random 	java.util.Random@1f17ae12
neuralNetworkClass 	class coursework.ExampleEvolutionaryAlgorithm
Training Set Training
Fitness 0.1021164205900303