0.10974285399792949,0.1940808765956687,-1.5908025175449299,0.4759422956500883,1.0988828030794506,1.1397263507343318,0.7649254589143777,0.706633212603321,-2.0330919119100184,-0.4078731234637698,-0.24040756860860063,0.35989881333368084,-1.191956953521512,-2.471390269481592,0.626389231077396,1.3990723174191864,-2.2003098253856286,-0.6671305887956118,-2.8406043500464264,-1.3894104361957664,-0.305640254251003,-1.8594129289121204,-1.8623937756917932,-1.1322117079971024,-1.8173477870929147,0.45255315028091037,0.7778686838009052,-2.5307558001493007,2.2641519242409505,-1.3428296300128464,1.7791214958783712,-0.8901789834796607,1.442625538550245,2.983768268802846,2.5778335244160546,-1.0428935880544223,-1.6182924109126144,-0.6509305240158343,1.0145637324799086,0.8186781230915585,0.2621778553376859,-0.12153527584986464,-2.719887204243753,-0.03539760741055442,0.4473569431554143,-1.2486574213207786,1.7889301885965139,1.4785972275423944
numHidden 	5
numGenes 	48
minGene 	-3.0
maxGene 	3.0
popSize 	200
maxEvaluations 	20000
mutateRate 	0.01
mutateChange 	0.05
seed 	1554459990370
random 	java.util.Random@1f17ae12
neuralNetworkClass 	class coursework.ExampleEvolutionaryAlgorithm
Training Set Training
Fitness 0.12886762610012983