1.1114006449245353,1.2175918091817777,3.2605583868424564,0.2707533491593359,-2.8666460868235224,0.6087768314894417,1.165498391253515,2.675077101922496,1.653700548549967,1.2184647352523053,-1.8592684314995562,0.954378644377335,0.4437132571817615,-1.351450137438035,2.8175236598331383,-0.285588464819847,-3.399885651883864,1.38171169678112,2.1970164728457724,5.180841899924516,-0.24478025250567337,-1.2523833029360092,1.5177547850014768,1.432563648500972,1.4206911843068974,-0.17177389369391105,0.3082455300965396,-0.7306242362121385,1.203707807875988,0.6472336634747575,-1.7605047875807354,0.3165388579030618,-0.2807907041706359,-0.33469696728910114,-0.03803529017892149,-0.5255346917874559,-1.2332834792987604,-0.5691678630539336,0.28234272373542985,-0.8847213375662065,0.3353783048185096,4.024055921869588,0.6696997993354881,-2.780123041509567,2.6321486633655216,-1.5178056773183108,0.3825678052291622,0.010341359197472144,-1.964511490072282,3.188383470232232,1.5518174683231138,1.0887116433517376,2.1397000047177577,0.0316714772761551,-0.6555875070390342,-0.47521035989438226,-0.6108913181925133
numHidden 	6
numGenes 	57
minGene 	-1.0
maxGene 	1.0
popSize 	100
maxEvaluations 	20000
mutateRate 	0.2
mutateChange 	0.5
seed 	1554382930708
random 	java.util.Random@1f17ae12
neuralNetworkClass 	class coursework.ExampleEvolutionaryAlgorithm
Training Set Training
Fitness 0.009159923145815613