0.5775914516280443,-1.2313559001230003,1.0066926312950155,-0.7109732238236114,0.46790494013658446,1.4566732549762866,0.951816802107634,-2.0246021668850323,-0.5743665529678077,-2.291084054974152,0.4757718963633587,1.7458413552591914,-0.9132384139673971,0.42717020808046147,-0.8109277326315962,0.6877667291187335,-0.11837101773803504,-0.992524150794619,0.3053856858464211,0.7443577249749038,-0.9107397261308865,-0.8542366577261551,0.970106936514514,-3.281296733521207,1.419350436098446,-3.230616007319237,0.6555134105061613,2.152108007272674,-0.15370095138026652,0.026584839519667725,-2.222576941599586,-0.11652675672212887,1.3513406864772088,-0.16336281559397092,0.3944405217908302,-0.8806648814662175,0.7948116958912005,-1.2616018757417853,-1.447727197166551,0.3553268131997806,-1.9033327206514494,-0.04812172373016854,-0.6050092146557469,-0.9613426013727404,1.1586684406424106,-0.1752363460947392,-0.13300892786236151,-0.1852719842037548,-0.6699929428883704,-0.496629380349961,1.0151097339510626,0.4527652359139306,1.3294877199177342,-1.1915625799906855,-1.5731476942575053,-0.7227475796676174,0.3705866862093723,0.8578830239607541,0.963813516656221,0.2820337390821018,-1.3086644797146865,-0.331701905943529,-1.4971081972022902,-0.6812345707725614,1.8358951556698822,0.6237705138428307,0.8119244330515643,-1.6297981019225485,-2.169575629761952,-4.478940716533904,1.677531539067924,-0.586506038503208,-1.0445260466063457,0.985557385966263,1.9434921119092652
numHidden 	8
numGenes 	75
minGene 	-1.0
maxGene 	1.0
popSize 	100
maxEvaluations 	20000
mutateRate 	0.2
mutateChange 	0.5
seed 	1554389767498
random 	java.util.Random@1f17ae12
neuralNetworkClass 	class coursework.ExampleEvolutionaryAlgorithm
Training Set Training
Fitness 0.016482655014190762