1.612592419868125,-0.16155788028743978,-0.36363752610010236,-0.12757001712795318,-1.078837583875442,3.13787323564251,1.9454741893156866,-1.517267101561881,-2.6837578040454444,-2.9993015194905204,-1.0867410089270124,0.9237333681470696,0.971975043205533,0.6813750126322728,-0.4769940849711962,0.14931264568695868,1.916763790441852,-0.8683654119501059,-1.813477798692932,1.5357214038298617,2.61160107338205,1.331717342446233,-0.30208241067426367,-0.7705545711657923,-1.62214200044525,-0.6707953129649236,-0.3379650062324051,-0.9344242479581079,1.4642059751365375,1.0874573962148708,-0.1536957631338679,1.02304276082938,0.5037368876256947,2.859451176670115,-0.7899297570424575,-1.208859809963596,-0.9036611763940328,0.12930587115972086,1.5832479260245418,-0.16283125145991878,-0.019948520292310812,-0.21937566416620202,0.6105760038227085,-1.0599464301939576,0.5835418529067793,0.3912481930815658,2.303361108219626,-1.1442180604160759,3.8230640904158375,-2.591348229983951,-1.890701237386548,0.7056471103451176,2.5596242108935696,0.6714826661632876,-3.6382407148576372,1.0182617592550345,-0.4665047145834661,-0.5172222177200122,-0.052977409565518774,0.7380456931429106,1.219965637635657,0.4354526100386462,0.2833877689604689,1.2135468319692166,1.217553755033922,1.7286783638046461,-2.550140104307682,-0.8288470946780191,-0.8862542862727096,-1.1039612846966924,2.968510938799853,0.4733614560037386,2.339651303941644,0.6964174584438845,1.1438024401843658
numHidden 	8
numGenes 	75
minGene 	-1.0
maxGene 	1.0
popSize 	100
maxEvaluations 	20000
mutateRate 	0.2
mutateChange 	0.5
seed 	1554389915574
random 	java.util.Random@1f17ae12
neuralNetworkClass 	class coursework.ExampleEvolutionaryAlgorithm
Training Set Training
Fitness 0.01492831588619444