1.957942066727568,1.4362903207433457,-0.33145625312308613,0.03617750186901825,-2.5883191043774323,0.7419374474743556,-1.7791530135558824,-4.199263257954472,-2.8112755731013936,0.20172146737751184,0.2544764453502182,1.7449933484620255,-1.7742258348836706,-0.7404275082186031,-2.0092025298193397,-0.3939842142800044,-0.712131651027816,0.2156413801441766,-0.3628726120775494,0.7874225477702945,-1.1478744757781156,1.5727830761303037,-1.173640194363458,-3.0543195330352226,2.254548962308331,0.9247147260496258,1.9703409335452449,1.0545364062773128,-0.13170674943957544,-0.8202765432680824,-0.7980521325991632,-0.2245069372348823,-0.8559922411773053,-1.3749031068672297,1.6450264609749845,-1.442491162084644,0.8023175348058396,0.4310767405353485,-0.9345250004452834,2.0789475953540917,-0.049915630695242186,0.4201304777107064,-0.6329728729382054,-0.16235315232715114,-0.7626364392558536,1.8959094236534746,1.3770751545723943,-0.3730216542944725,0.5397684228835711,0.9558059873429398,1.5256701216878001,-1.2036684006877039,-2.338813464830053,-0.4958055038690512,0.43454303847141396,2.4670591449356145,2.6837577954570837,-0.3961730870903818,0.6504775131571926,1.6000781435521083,-0.5543489503819787,2.258827614274838,-3.0329803017550616,0.5738582467408949,-1.4972966889710637,0.9235381656798081,-1.1335260350396397,0.6404149380187606,-0.8789441776623164,-3.5392398766597033,3.614563569000776,-0.16059066150302564,-0.3740176087095674,-0.19350522485865268,0.05430026654242759
numHidden 	8
numGenes 	75
minGene 	-1.0
maxGene 	1.0
popSize 	100
maxEvaluations 	20000
mutateRate 	0.2
mutateChange 	0.5
seed 	1554390319248
random 	java.util.Random@1f17ae12
neuralNetworkClass 	class coursework.ExampleEvolutionaryAlgorithm
Training Set Training
Fitness 0.01862063851494355