0.5529090539323852,1.5244996500418992,2.2974265464438113,-0.24485197336293346,0.1514044147738573,0.9944614544954735,-0.6847795828492704,-0.7910835612973222,1.4923726642574975,4.029668625992452,-1.6320820664212157,-2.3050573723565835,2.541852127236576,-0.24812615970621532,-1.4767509464456052,1.0730350538244746,1.5848255691536415,0.9754927029514098,-1.3869813066423777,1.1357169366734434,-1.9341125921809774,1.0153443491756824,1.2097917144544268,-2.120199692028849,2.8395076814644318,0.40046715295421326,-0.10420778854211538,-0.8052194940965105,3.7175828015638666,2.972775042710207,-1.662387038069172,1.787856662835255,-0.863341763633766,-1.1934115699001062,2.154410714551421,0.07428989010934073,-1.1990606236999812,1.3023777227256113,0.16139252825127803,2.5548742813188623,0.2927233437689856,-0.18727576629064224,-1.5855716153663209,0.18233816340471043,-0.3421234459028739,-0.23330339630451818,-2.3250538668940717,-1.1955518741722986,1.3905969974096897,-2.308426244464398,2.33374891616673,-0.18691257375870574,-1.3929593172631092,1.368186630848116,0.9162890701778552,-0.518182985322124,0.1293058293822959,1.3193825439757612,-1.4671693243498283,-0.537994492355331,-0.4922511208846848,2.609142199749513,0.41112114858086624,2.0789083543918334,-0.2558003580651089,1.7351878934552016,-0.07856549599430762,0.9496101995368025,-1.0012168212800332,-0.30722779037246917,0.931766205580109,-0.080770233184707,0.19423044318579674,2.242922821342328,-0.6374197218739874
numHidden 	8
numGenes 	75
minGene 	-1.0
maxGene 	1.0
popSize 	100
maxEvaluations 	20000
mutateRate 	0.2
mutateChange 	0.5
seed 	1554389306752
random 	java.util.Random@1f17ae12
neuralNetworkClass 	class coursework.ExampleEvolutionaryAlgorithm
Training Set Training
Fitness 0.0105117548166087