1.0324137622610468,0.47233101652705745,-0.00826836727622382,0.3640162740121258,-2.2247786348572465,3.121920062302511,1.9028246028691698,0.813293242414728,0.086430999909202,-0.24962007701008976,0.6224237733885294,-0.6492865596270477,-1.7887789235434128,0.7232224455827063,0.0721197444717584,-1.112313008484782,-0.35875874193101165,-1.331102413066084,-1.363322694812523,-1.4054382054045629,-3.54294743115525,0.2621684227462081,0.29754579162556305,2.6048639026170815,-0.5802654327751882,0.20725757307840142,-1.1686148865258215,-1.748419287370571,-0.6810985045746448,-0.8143377287718239,-2.0673968117856028,-4.6295297819080545,-1.4013838926694921,-0.7260195541088929,-1.0660722492821821,-1.0669144830815103,1.8849635579295758,2.877203686455751,0.9883323828115688,-1.1287997643633743,1.188699417037732,-1.7011616771616596,-0.2588437674149487,-0.846522310722335,-0.11506396540406016,-1.5285556737498815,-0.48417540830900047,-0.44692985499847826,-0.8923962841348838,-1.0898553128294228,-1.7569891815554328,0.5471347122354124,-0.45443493470787255,1.8097715680545066,-0.8124777785175741,-0.7164896749990964,-1.1248998802735741,-0.69107057938997,1.467045477868833,-3.187489847925035,-1.6051750668761446,2.5953592219536725,-2.0427954700741013,1.0368417416428317,0.3581179031361207,2.543714531199572,-0.10486281408779374,-1.5781018316077644,-2.2194855825300976,0.026078758169362115,-0.6412008846809859,-4.847531505981051,1.1615350145034165,-0.09171988703614259,-0.7015885738948984
numHidden 	8
numGenes 	75
minGene 	-1.0
maxGene 	1.0
popSize 	100
maxEvaluations 	20000
mutateRate 	0.2
mutateChange 	0.5
seed 	1554390195409
random 	java.util.Random@1f17ae12
neuralNetworkClass 	class coursework.ExampleEvolutionaryAlgorithm
Training Set Training
Fitness 0.011865614714483084