1.0500145149040963,-1.3560999347471006,1.0329329757822503,1.6103600338561836,1.582017857081552,1.0983717662865666,-0.3881053656356952,-0.199455851086227,-2.2675474403944755,2.1921759424789435,0.3250748633877678,-2.021776307064008,-2.5258666762586746,-2.993728044973304,0.48135837800678694,1.731534645452225,4.731782047003518,4.309549565643576,0.048303799228791355,-0.9422385431369655,1.8226348105711403,2.651831731874238,0.8797544237283099,-2.6792868260535627,-0.2613505115511532,0.32199180402053407,2.47282387335441,-0.007322126311052557,-3.1700548141365443,0.08872614860025929,-2.497635113285611,-2.6114641478082117,-0.40831752508190355,0.6122273437548158,0.30485698005415207,-0.39843457330294907,1.4616731351193744,0.948205443937221,1.469977358792474,-0.5850716732936576,2.8035838347798228,2.161408106556616,1.2469473673510356,-1.4102257338906208,0.5806787279659054,0.29845620469694367,-0.9640177103614702,1.6875001578482243,1.3672982349856404,-2.1088343003865146,0.24944507600921662,1.4425284142948342,-2.8528507428999,-0.7635431888292024,1.4693838039434735,2.4278516347286976,2.451921495766557
numHidden 	6
numGenes 	57
minGene 	-1.0
maxGene 	1.0
popSize 	10
maxEvaluations 	20000
mutateRate 	0.2
mutateChange 	0.5
seed 	1554299150698
random 	java.util.Random@1f17ae12
neuralNetworkClass 	class coursework.ExampleEvolutionaryAlgorithm
Training Set Training
Fitness 0.010591364468391