-3.172667684722044,1.0580415551283568,1.787435310314315,1.185768601496532,0.17460065029396854,-3.762981901973135,1.0475376634610063,0.23778764262787577,-2.492618455730632,1.6603871375464343,1.019375412553549,0.7429426815648359,-0.25511432342485363,2.4020412982164006,1.4405803378759559,-0.6257871090705931,0.7064562739444669,-1.8646148211033646,-1.090055477089108,1.6884009359396444,-1.0725632509511893,-0.8052580613807181,3.981044159523994,-1.302201025140643,-0.866183106345064,-0.6674634334789691,0.7142689058539069,0.32076615365187267,0.7116812174589717,-0.6048568494993671,-1.35516185162041,0.07510428584042761,0.2190985312900906,0.5695563764256406,-0.15799393784112703,0.17547754123972248,1.9089455756241227,-0.9180462704003258,-1.7986163906241488,3.224857068162479,-2.3833329135018566,0.42987428779472303,2.037160472618128,-1.4178952287501672,-2.303133632452065,-0.7257968747613239,0.5547408159219496,0.985632130937308,-2.2342265486597146,1.4912310710268126,2.464870494888301,-1.9225616081113024,1.6372419663885123,-0.5201569283474252,1.0161774331137587,-1.0017744638160986,-1.3201244339912162
numHidden 	6
numGenes 	57
minGene 	-1.0
maxGene 	1.0
popSize 	10
maxEvaluations 	20000
mutateRate 	0.2
mutateChange 	0.5
seed 	1554299492506
random 	java.util.Random@1f17ae12
neuralNetworkClass 	class coursework.ExampleEvolutionaryAlgorithm
Training Set Training
Fitness 0.007519930382776838