0.6959915665515026,1.3074135239034328,-0.15878111327885414,-3.8579213871452405,-1.2497201344286306,-0.6689415106070582,2.074962270910577,1.5322140264028397,-1.278153902263547,0.6293341642497043,0.07816935217497178,2.004748336837907,0.7079503977638368,0.4823165816421213,-0.4586096044442165,-3.2000241606566577,-1.7303556703335699,3.826650924753431,2.908246133698921,-0.8194855799535692,-0.5643453078223244,3.61673321887453,-1.3655635096357146,1.689688343447626,-1.0130810875416119,0.7940856683479922,-2.7417988589471447,-0.003237036846306607,-1.2185614106469118,0.7888098135463841,-0.3874594179193509,1.7881234672847932,-1.131279622987741,-0.6527658004078898,0.04785231356685937,0.4479523839526989,1.1652997874062305,-1.4057995057207853,1.991450415845665,-0.47295806233043414,-1.1198579872481167,0.10054261279180321,0.15525103319086897,-1.400903211850678,-2.564037371259607,-0.9221504681595765,1.4529092028185795,2.8057514612251233,-1.6840272103184004,2.8297221319996098,-0.5251426424258545,0.7087720958344417,-0.9434307481731157,0.6453769196169139,0.3169602003158385,0.030802382824938856,-0.2899954801997864
numHidden 	6
numGenes 	57
minGene 	-1.0
maxGene 	1.0
popSize 	10
maxEvaluations 	20000
mutateRate 	0.2
mutateChange 	0.5
seed 	1554299725399
random 	java.util.Random@1f17ae12
neuralNetworkClass 	class coursework.ExampleEvolutionaryAlgorithm
Training Set Training
Fitness 0.009557316157245964