-0.8979840423979506,0.3269346210522861,-2.0572147429314294,-1.0789806438934433,-1.135397761318015,-3.1729695570673178,3.6754642772960837,0.7844128198360805,0.43970405080617603,-2.5975587820039783,0.48204492625804995,-1.6923608965523744,2.4421548105424575,0.3069229571748,-2.824145212184529,0.8232957178190028,-0.5635551509662642,-0.21802929109444058,2.3909252843185804,1.9292891255938869,1.469104509194844,-0.26678522860185416,-0.9471590807236812,-0.8226870142708662,-0.7616501673314966,0.21096469035809817,1.9032633328903623,0.3043964632239686,2.0448503369705406,-4.4185636135480735,-0.3043773731779056,-0.3744969593060177,-0.5571304103382646,-2.308785905238408,-2.3372713649304275,1.2956087198767285,-0.40108057916138606,-1.943986047279978,3.438241871365024,2.8889983313768464,-0.2345400870876726,2.6458313548562575,-2.134079027911225,2.4498782148250235,1.4900670853344808,0.6920705557810407,-1.1409689403560206,0.1599808058209118,-0.29411835952014176,0.6082705696651247,-0.9827198746157493,-1.1361611367467492,0.6870420366576449,0.5945558571776575,1.0621164402650431,-0.6910179928334184,1.0031966642411252
numHidden 	6
numGenes 	57
minGene 	-1.0
maxGene 	1.0
popSize 	10
maxEvaluations 	20000
mutateRate 	0.2
mutateChange 	0.5
seed 	1554299877135
random 	java.util.Random@1f17ae12
neuralNetworkClass 	class coursework.ExampleEvolutionaryAlgorithm
Training Set Training
Fitness 0.007679529364007877