-1.5403797947280702,-2.516353332857719,-0.66463448245769,-1.0867205053541538,0.344078800888306,-1.9736293604026163,-0.9795608830768132,0.029561985096317578,-0.002099835956974161,1.2678081477083107,1.6210120778544672,0.5945416229593581,-1.284694042529525,-1.2650798444305693,-0.34651700467252944,-0.5898396493221092,-0.09666148625579685,-1.5267982803445725,-1.0406733706391988,4.633956569051951,0.20781094644147347,0.6453773102743341,2.558097943945846,3.4877180959689307,-1.051360365427642,1.0671346446660686,1.7529009154814532,-0.793140093691483,-0.4138615646440904,0.7565625354594856,0.2578167109489653,-1.9886510706025333,1.1109142607188356,0.38065532534278246,0.5065318012913467,-0.5252977568561119,-0.7011690145179115,4.1091979250058515,-0.8685152179036217,-2.674212642241704,0.38383720689206835,-0.9241997696686861,-1.5045703327122801,-0.06114324200999666,-0.6247184931821128,-0.10219822382328325,-0.8876107318075244,0.05045227897951898,1.982666490167492,1.521221149635812,3.3125534637416463,-2.412482815930745,1.9096219826289154,1.0338771935783262,-2.414247587409702,0.8992579138535821,-1.359795357571746
numHidden 	6
numGenes 	57
minGene 	-1.0
maxGene 	1.0
popSize 	10
maxEvaluations 	20000
mutateRate 	0.2
mutateChange 	0.5
seed 	1554298880994
random 	java.util.Random@1f17ae12
neuralNetworkClass 	class coursework.ExampleEvolutionaryAlgorithm
Training Set Training
Fitness 0.014114720774174245