-1.0866094821504404,1.9229558501184503,-0.34544021919166057,0.5125775417675289,5.3802988173353405,-0.7751057689478287,1.149177092564109,0.13057431837886124,-2.9792237438628333,-0.8450727487714775,-0.9689252581330725,1.3884523910423177,-1.6581703701830106,-0.47487306258735784,0.2885140757509299,-0.6034907700731382,2.880654004718928,-0.041436433621797386,-1.6642275852249901,2.191652673430533,-4.155556472379017,2.4290987501800765,1.4107075942351563,-1.7445159746802121,-0.25734634744399054,-0.45409932855552837,-1.2906151212068993,-1.3968312305297286,-1.4300814237234842,-0.31189885124375927,2.8589014652001,-2.3505391141543974,-0.3580913596983857,-1.8169188436390495,-0.3247526374638061,-0.21747811281251805,1.1985519705878585,-1.2332958801197647,0.06124369258000817,-2.755480027479125,0.5755865357195071,0.14503814026055695,0.8703031263858847,4.428445094543912,-3.408522949298918,1.0023534051237326,-0.9050395808702754,-1.3130961443329279,3.8611827514444177,-3.4322387545771815,2.8348237641878553,1.2974869478206186,0.8752167373475563,0.6829383769055182,-0.34319884867266115,-2.15937072219717,-1.128110753709982
numHidden 	6
numGenes 	57
minGene 	-1.0
maxGene 	1.0
popSize 	10
maxEvaluations 	20000
mutateRate 	0.2
mutateChange 	0.5
seed 	1554299353302
random 	java.util.Random@1f17ae12
neuralNetworkClass 	class coursework.ExampleEvolutionaryAlgorithm
Training Set Training
Fitness 0.01997111122875435