-0.14782741429330626,-0.23652793169289166,-0.8888066868112114,1.4464967909746267,-1.5344816525761018,0.24015274381264629,-0.8946867038491648,3.486461965522266,1.473478946895527,2.4935052015245853,1.969895976896597,-2.100206769600445,-0.5828786785415354,0.5789583460448398,-0.7844757767761439,2.0041888080999906,-1.099149902795801,-1.5422206911501135,-0.936269545630511,3.685294468947197,-0.04101247239836736,-0.08431671633205151,2.238897315058566,0.2261148883035593,-0.2976291858741613,-0.8350757743530153,-0.3408966712459405,0.5137473044643646,2.4530680569483487,1.5967560504708183,-0.7731240324613282,-0.7979062023371637,0.4023543601334938,-0.8516902245851026,-1.2282518788278303,1.3470851753818673,-3.1069214977278223,-1.3661005314918666,-0.26606480901083085,-1.1394773291242501,-0.231395298513144,2.8161634278288767,2.130906586723112,0.2978341829730182,-0.382378236566002,0.1963389831310247,-1.9855929212010437,-0.3051719800669048,1.4029270794113122,1.6833418894841836,0.32004310202948183,0.24526490318028626,0.5261275955133535,0.5639896562140982,2.6687631553057427,-1.0311977419771003,-0.32677398668064894
numHidden 	6
numGenes 	57
minGene 	-1.0
maxGene 	1.0
popSize 	10
maxEvaluations 	20000
mutateRate 	0.2
mutateChange 	0.5
seed 	1554299276230
random 	java.util.Random@1f17ae12
neuralNetworkClass 	class coursework.ExampleEvolutionaryAlgorithm
Training Set Training
Fitness 0.09790005355691671