0.9567512438685681,1.1705799770732224,1.319908505267922,3.970917563746445,-1.3948348480988213,-0.12443001146227917,-3.807490768664435,-3.436927836023493,-1.5111542042991424,1.0843281377735987,-2.3253166356343695,-0.9412039150207956,1.1583373454615975,-0.157597165711429,-0.3734414864855933,0.6042246774716904,-2.1048327653882133,-0.14381250455867112,1.9935981689581332,-3.2070563567262598,0.8073755225775798,-1.0475593539608699,0.30283112233986587,-2.007473801543103,-0.5745045328268821,0.7424968470553734,-0.6198363440745056,2.5940076389376454,1.6017139519607149,-1.233356446880921,-0.07613703990344423,-0.27234688016051134,0.9557288825564478,-0.57032334375408,-0.584877307020444,-2.029981866406338,0.141976710754397,0.5921333997324816,1.1231980515870936,0.5733248512067781,0.19480977363780605,-4.480176236309198,1.870298370321798,0.44045622017335795,-0.9693140338860669,1.7543047079613423,-2.847625508645192,2.3972175157144773,-1.6000919623637673,5.373938410586742,-0.2646365051375337,0.5605544544135277,-0.4367581987036031,-0.44434960484258545,-1.3851072360457195,0.8240295054635893,-0.03870462607096736
numHidden 	6
numGenes 	57
minGene 	-1.0
maxGene 	1.0
popSize 	10
maxEvaluations 	20000
mutateRate 	0.2
mutateChange 	0.5
seed 	1554298581347
random 	java.util.Random@1f17ae12
neuralNetworkClass 	class coursework.ExampleEvolutionaryAlgorithm
Training Set Training
Fitness 0.011426206614756153