2.954559952611904,1.101209509562528,1.400243519451229,0.3197905529998406,1.1079239087069446,3.08817086017964,-2.3495245502601843,-2.466214344901992,1.6503418169277317,0.585918465523698,0.42439104745990175,3.8626507543904944,1.309474500431037,0.8593180125018647,-2.8089255285094925,0.5560915230952621,-1.310224216826855,-2.185794648892891,1.2730485366363693,-2.0861870568073955,0.999656167707274,-0.274676627734725,-0.3271423274097911,-0.49459937522760633,1.9096606064909305,-0.8450503484741523,0.09115140324948068,-0.7630708754283477,-0.5609094977368969,1.675557642167589,-3.3065429776507034,-1.3245081513171142,-1.797325850156282,-0.37881862537594513,-0.12771489854294904,-0.5645761852119784,2.0695921677902582,0.2659825480109217,0.0031640171265803207
numHidden 	4
numGenes 	39
minGene 	-1.0
maxGene 	1.0
popSize 	10
maxEvaluations 	20000
mutateRate 	0.2
mutateChange 	0.5
seed 	1554305117688
random 	java.util.Random@1f17ae12
neuralNetworkClass 	class coursework.ExampleEvolutionaryAlgorithm
Training Set Training
Fitness 0.03722383019069438