2.448864736368045,-0.09112266020202386,0.06601621790781054,-0.20994781425818965,-0.3377381480186985,-0.6644091226512017,1.4321670558815227,1.3098889563732412,0.008643708943515627,4.089174060413203E-4,0.09258908129179266,-0.04375980984256089,3.1196989410644047,-0.4449198845241935,1.2043474678408677,0.6492706069008256,-0.28189290865392325,-0.5417718003399334,0.7087057545463331,-1.787111434426686,-2.1184620293253977,-0.7481821784338838,-0.6124783383156402,-0.6226406925749974,-1.4458439370031861,-0.7017253438109476,0.13386196904634118,0.24166024781986573,1.114490415223624,-1.1676500539738932,-0.6573642767527008,-0.5938189187017022,0.6550375834210693,-0.682753371330721,-1.0797195386538059,1.125598892611182,1.921479996376463,1.4524821898358058,-0.3587011986259596
numHidden 	4
numGenes 	39
minGene 	-1.0
maxGene 	1.0
popSize 	10
maxEvaluations 	20000
mutateRate 	0.2
mutateChange 	0.5
seed 	1554305344605
random 	java.util.Random@1f17ae12
neuralNetworkClass 	class coursework.ExampleEvolutionaryAlgorithm
Training Set Training
Fitness 0.12662057237449456