3.4848656608634907,2.4284858377768135,1.229045926221402,0.9866886141366418,3.5207531009500648,-0.6158214690376145,-1.2202732257485185,-2.0632274738518106,2.8380626597408236,1.8462561756171558,-0.36961564154485993,2.0536222111419837,0.4701354522449106,-4.639697774891118,0.5994173703670871,2.553072483592513,-0.5673729149730979,-0.7611642976187807,-1.2039228408678344,-1.455152590193801,-0.0032733913237261714,-0.4045236631559457,-0.20977226073140876,-0.8977115975384207,2.2951346808705786,-2.0856453376109396,1.8404676429922526,2.8971434966771765,-4.071313527024614,-0.6834367162316732,-0.6384754875073293,1.18130935729986,-0.3156767045912767,-1.1704680036028552,0.18401762727232662,-0.5708792036878318,0.11150253494286755,-1.6050165594277672,-0.8682040250135594
numHidden 	4
numGenes 	39
minGene 	-1.0
maxGene 	1.0
popSize 	10
maxEvaluations 	20000
mutateRate 	0.2
mutateChange 	0.5
seed 	1554305588747
random 	java.util.Random@1f17ae12
neuralNetworkClass 	class coursework.ExampleEvolutionaryAlgorithm
Training Set Training
Fitness 0.00989268626818789