-0.7271916380114976,-0.2016737363882095,0.9668707433425439,0.5610712031865732,-0.07475278038333322,-2.389024114290653,-1.2662074861126744,2.545249305891142,-1.2459181741004677,0.2498242855906445,0.030755544229044807,2.93828545331891,0.8431840259106138,-0.25911142733658465,1.18825539229809,0.6730500270200606,0.4882672537360875,1.945413427836919,0.5395628661195302,-0.20702919570495237,-0.3209259896997607,-0.035256971291960815,-0.22103095530378303,-0.44952522160792996,-1.177963570937706,3.405187516429173,2.206407901895131,0.701026935217445,0.22812860405282498,-0.620345279034928,1.4505580552443167,-0.055269314962967275,0.35352075390894977,1.2263321793636315,-1.3683329805848743,1.1751118935310192,0.3996864391459838,0.3703604701206096,1.132406948808433
numHidden 	4
numGenes 	39
minGene 	-1.0
maxGene 	1.0
popSize 	10
maxEvaluations 	20000
mutateRate 	0.2
mutateChange 	0.5
seed 	1554304800967
random 	java.util.Random@1f17ae12
neuralNetworkClass 	class coursework.ExampleEvolutionaryAlgorithm
Training Set Training
Fitness 0.00800636333176355