0.28882210563517186,1.8239351466971954,2.119305859477576,-0.35880866714329684,1.3783943525850049,1.8775619744756904,-0.5861674191569586,2.248191120473371,0.7600306301150819,-2.721240481948195,-2.8132297496640293,-1.3870123996395536,0.10419614903923069,-2.1205216870610073,1.1716453845723445,2.8511320200431864,-1.8263481680718952,-2.3101632547564335,1.7170265604330375,-2.5819632734474376,-2.8790116224652382,0.9342199090868455,-2.585600901140311,-1.4777990573332092,2.860463168848848,0.11891895611002035,1.4837833298650764,-1.0793248697020235,-2.8948604062125263,0.13542250836058045,-2.832723614056372,0.8347391579883792,1.7755694662085322,2.5230743136073306,1.8396872109223041,-2.082868273361184,1.7889893928744804,-2.198071616925648,2.191916692579529,-1.9169772879074887,1.7282368648277426,-0.738762098739751,-1.3232833173625007,2.5852863716088894,-0.4326701393695469,0.7511217198465188,0.4279513824421164,2.9704854479350766
numHidden 	5
numGenes 	48
minGene 	-3.0
maxGene 	3.0
popSize 	200
maxEvaluations 	20000
mutateRate 	0.01
mutateChange 	0.05
seed 	1551742750287
random 	java.util.Random@1a6c5a9e
neuralNetworkClass 	class coursework.ExampleEvolutionaryAlgorithm
Training Set Training
Fitness 0.13454438623641005