1.3628326284888628,1.1187512046765873,-1.0029027240953048,-2.584020009037455,1.7833752339380657,0.005147542842752095,-2.839371774324498,-2.385661289852654,-1.6067943700720544,-2.86145207740494,0.5308111539981155,-2.984379863976301,2.26300756692833,-0.3883214265246613,2.619720998582359,1.2553615282945625,-2.6896494039655328,-0.7793861397256947,-0.4778682067805695,-2.3208869813673143,0.35980806420989486,1.806522105123272,-2.2063072393455805,-0.19375111586819482,1.3258089163112636,-0.32137526256663396,1.7617426392532698,-0.2255015665507072,0.010590846424893385,-0.7139678879491882,-0.9078132230105966,1.1935999312663688,1.2186120026683733,-1.7505218131340288,2.4885980432880412,-1.626404802211781,0.28526005622499273,0.4948376193478454,-1.3600653077477212,-2.882112776769631,2.701681010564779,-2.451333173785116,0.961003916974347,1.1832963927968931,-1.7109619354487218,0.06186819153403533,-1.7149667580378154,1.1089578839939644
numHidden 	5
numGenes 	48
minGene 	-3.0
maxGene 	3.0
popSize 	200
maxEvaluations 	20000
mutateRate 	0.01
mutateChange 	0.05
seed 	1551742992244
random 	java.util.Random@1a6c5a9e
neuralNetworkClass 	class coursework.ExampleEvolutionaryAlgorithm
Training Set Training
Fitness 0.10914736790918317