2.337882348684758,0.6541164151200256,-0.42666462823328866,0.607161341281631,1.8138100154253616,1.0368815132335483,1.267229259516415,-1.2921975643095562,2.285209685218061,-2.6753961442605645,1.5744559760570365,-0.4561274116499443,1.1925158664143698,-1.3818705700710592,1.3678387681919588,2.120807157463708,-2.1327607153401837,1.8192568541937417,1.6713975526242892,-1.2223768144703484,-2.9379014754465267,-2.9444008532392214,-2.4565541720532824,-0.7355472913749517,2.2019595104154845,-0.9411558087938179,-0.235307488824835,1.1611386030994328,-0.43354126939972826,1.4821911592028894,-2.5681236441497415,-2.4642426249807214,0.8788604247127179,-2.171710474752021,-0.4601229986451898,2.8962309746612913,2.9768661017174756,-0.21794758398149483,0.5551725309486266,-1.9200132500984894,1.3797692562530628,1.3032651933665242,1.8409338375475652,-2.2440811072768994,-0.35748074488689063,0.8319531823910049,1.5889688898779886,2.6797057488131513
numHidden 	5
numGenes 	48
minGene 	-3.0
maxGene 	3.0
popSize 	200
maxEvaluations 	20000
mutateRate 	0.01
mutateChange 	0.05
seed 	1551742658110
random 	java.util.Random@1a6c5a9e
neuralNetworkClass 	class coursework.ExampleEvolutionaryAlgorithm
Training Set Training
Fitness 0.13993726747643054