-2.9492845427196075,-0.42783254060405795,0.37519480170637065,-1.413440694598619,1.4511697822364358,-0.5020734609957713,1.801571589858495,0.7301726692818993,-2.7494294606950076,2.196663439312027,-0.9241632844684005,2.1333483037278858,-2.5699939383908843,-0.6973760923035515,-0.7735764259826701,0.9314707506204956,3.300848227550392,-0.9728428972125185,-0.7727485571872219,0.7881220105173588,-1.776872285381769,-0.9968369273411073,2.3251368189625037,2.321656634764828,-1.1970777057815651,1.2003657044493838,1.1173670049161915,1.2138387530366705,1.285372649769617,0.687107155103456,0.10874502811369813,1.6092451385984745,-0.6615453569688294,-1.7414999282451928,-0.38781977264729717,-0.43547198373320173,-3.2863468369395212,1.2553708021352856,0.632387527053633,1.15971299345131,-2.2380784085053085,0.06935802349572051,-0.35913038569875133,3.1115601219993323,-0.6970195537667521,-0.8445898045425657,-0.951583289315189,-0.5822546372155675,3.0944154493969727,-1.2802221917902927,-1.1689422129830034,0.7976780263218533,0.6505841124112637,3.003554971206852,-0.7603022628632368,2.526886737425767,-0.6186545094718718
numHidden 	6
numGenes 	57
minGene 	-1.0
maxGene 	1.0
popSize 	10
maxEvaluations 	20000
mutateRate 	0.2
mutateChange 	0.5
seed 	1554298758293
random 	java.util.Random@1f17ae12
neuralNetworkClass 	class coursework.ExampleEvolutionaryAlgorithm
Training Set Training
Fitness 0.01086084115938717