1.2457934214679063,-0.19099515945192835,2.0060427257041225,2.2337903440703504,3.420187965625394,-2.101653407572644,3.1628443136969837,3.6060084964814645,1.7591424605219461,-1.7118900506624852,3.435196469944356,-1.8460818742191842,0.14457691093156333,-0.21017003283026603,3.2149718984116697,-1.8270758262191935,-0.32984810761859973,-0.8009147586670085,-0.37835349830596043,1.9955941033054767,1.4049072922310564,-0.6220639667303527,0.9841932587971949,-0.6474031813082033,-0.5672957972936832,-0.1558693677430969,-0.1387230564402675,2.4319794039012956,-1.4774362351903272,-0.06487056997005936,-0.911046009618558,-0.28989664349551725,0.15658465664604182,-1.83628162101268,-2.210975759533177,3.1815734046166,0.16580752744482652,-2.327314259071226,2.9574040376358823,2.2476616227340758,-0.2448799927920724,2.4810808336188286,3.618815145695998,-3.661517293189331,-1.0246320730876597,0.5357879772557523,0.14599673832989768,-1.5132451286393778,0.17154275056164248,-0.49402377419325605,0.8435975549210863,-1.223940494463676,-0.5308822116375294,0.24431448738547523,1.961361033918453,-1.1459105555579194,1.9563093909229279
numHidden 	6
numGenes 	57
minGene 	-1.0
maxGene 	1.0
popSize 	10
maxEvaluations 	20000
mutateRate 	0.2
mutateChange 	0.5
seed 	1554299009574
random 	java.util.Random@1f17ae12
neuralNetworkClass 	class coursework.ExampleEvolutionaryAlgorithm
Training Set Training
Fitness 0.011262788256598766