-0.542107762208057,-0.07062396970833662,-0.9989955671892734,-0.4099654457870152,0.1405098133115249,-1.2256909510512888,1.4513645981730219,-0.3691375253863359,-0.21155190700840343,-0.5163605400965399,-0.27642322290718196,0.14792219333467527,-0.48393818575883585,-0.6033604442377896,0.6432469662873902,-1.5635815321826851,-0.3279778489205852,-0.9341627263804295,-0.996801166691168,-0.22978846700360211,-0.2291166366404595,-1.6244530981488035,0.17340383804154808,0.13001800567274657,0.12731529460115176,-1.4442604065112263,0.24356187926393758,-0.1391921128665603,0.03914239402094055,0.10047720682922939,-0.1264436684249487,0.23168683815445684,-0.9396090373100126,-0.01074898795300272,-0.2555751266478728,1.4519007692882533,-0.9941835214549626,0.9571813315220334,0.2997385969806065,-1.221139715474887,-0.022785105687941676,0.2065072142625718,-0.7141186565673248,-0.7550455171023362,0.20866816479147932,1.0768736740262066,0.43256970373487774,-1.2143738209366952
numHidden 	5
numGenes 	48
minGene 	-1.0
maxGene 	1.0
popSize 	100
maxEvaluations 	20000
mutateRate 	0.1
mutateChange 	0.3
seed 	1554481923274
random 	java.util.Random@1f17ae12
neuralNetworkClass 	class coursework.ExampleEvolutionaryAlgorithm
Training Set Training
Fitness 0.08516577173289741