-0.6735755720556968,-1.7656498178762154,-1.748896783685369,-0.4086858456882511,1.477942237650435,-0.510294949346561,-0.2598403342550682,-0.008392808046450262,-1.237011133414001,-0.986541975812044,-0.29113188976614857,-1.1535037407832016,-2.3057645466796193,0.30239591318968145,1.449539115584052,-1.089034518831675,-0.903301652052533,-0.2872380498724792,-0.5158255316968166,-1.3728351613913161,-0.032274072833008316,-0.7023866527602434,-0.8947383444231181,-0.49675851118334574,0.4468053561771193,-1.2468190448722705,0.4336980585552325,-0.025699586459461132,1.0746326922257012,0.28730433140764694,1.0995911044426445,1.2752143762220927,-0.9129693833314507,-0.450532558581852,1.254694559277026,-0.23164156369270322,-1.2989929644494274,1.1339320786689875,-0.50432736538564,0.578554003697906,0.18802955205820032,-1.140070566955039,0.5571032758897865,0.17299060020071505,-1.0850533651008867,0.27418311804171364,0.3891310560776942,0.42669069993100267
numHidden 	5
numGenes 	48
minGene 	-1.0
maxGene 	1.0
popSize 	100
maxEvaluations 	20000
mutateRate 	0.1
mutateChange 	0.3
seed 	1554482242737
random 	java.util.Random@1f17ae12
neuralNetworkClass 	class coursework.ExampleEvolutionaryAlgorithm
Training Set Training
Fitness 0.018876736933146534