1.4137035617777396,0.06824597552156669,-0.7945016697098174,-0.22225667176097513,-0.28168126371226054,-0.44946564608000644,0.9272820497414584,0.15976067921484804,-1.055532644862643,-0.9617966280320602,1.2176518200963262,0.8278702592381189,-0.15649561815376856,-0.18335687300086145,0.044847275380050455,-0.10580135860763495,1.4638815466444113,0.9845290501835526,-1.6890500979812069,-0.7108737204270287,-0.7621552837820995,0.6819649107244277,-0.3084767664844961,0.47888233616795844,0.018486853791409852,0.3579297582988077,-0.603111331343769,-0.5165867979578584,-0.05208226353300338,-0.5053926962957446,1.8080542957138572,-1.298368422070354,-0.11043471113406406,1.536288997564587,-0.6656656705121785,0.9155006679745192,0.00824671903740859,0.8478841984859533,-0.195031349467919,0.3755947086610035,-0.18965973818168708,-1.2378980394867662,0.5078829482378243,0.2690851231897459,-0.2868217457965749,0.27707240148608286,0.6561525664574077,0.17222588154620966
numHidden 	5
numGenes 	48
minGene 	-1.0
maxGene 	1.0
popSize 	100
maxEvaluations 	20000
mutateRate 	0.1
mutateChange 	0.3
seed 	1554482480021
random 	java.util.Random@1f17ae12
neuralNetworkClass 	class coursework.ExampleEvolutionaryAlgorithm
Training Set Training
Fitness 0.012947837206496905