0.8583733785421948,0.6160300883949477,-0.6892967539485131,-2.1081427029598503,0.05038286641891315,1.428209136595472,0.7281555123759311,-1.3464044169348197,1.7095554501053956,0.236953824197854,0.8272683978562301,-0.07091509469489032,-0.2996789555266291,-0.8479095749842063,0.5619732861083568,-0.6026184819303763,0.9769748087195205,-1.73842747714657,0.0372081177940361,0.609955915974032,-1.167166030136933,-1.6398455814342672,0.6324487589512018,-0.9262864355915359,0.4142321215092896,-0.11291981851871846,0.9077672010589763,0.012505278262945285,-0.16826567278832927,0.6831442233823211,-0.834903459671936,-0.48284164034829563,0.5441601657482349,-0.9063938566264995,-0.5760288475255562,0.5336329441410654,-0.8689851191273963,-0.2066774028634633,-1.040629318849073,-1.2810177487922492,1.283672455659767,1.2081411675697442,0.6258239419832747,-0.929889943644197,0.2288735764819641,0.20653103475970852,0.8610701858014334,-0.582313315797615
numHidden 	5
numGenes 	48
minGene 	-1.0
maxGene 	1.0
popSize 	100
maxEvaluations 	20000
mutateRate 	0.1
mutateChange 	0.3
seed 	1554482409665
random 	java.util.Random@1f17ae12
neuralNetworkClass 	class coursework.ExampleEvolutionaryAlgorithm
Training Set Training
Fitness 0.04329021079576632