1.412039154888481,0.8018706706734335,0.683957006064368,-0.6984457614150998,-0.38311510175910296,0.9244971089914156,0.2613896642380018,-1.100575491695688,0.02943639374352336,0.9404106705939432,1.045470174204022,0.8014532535874488,1.3969357856018247,-0.8566172273746497,-0.40326171192722693,0.6252763127850871,-0.9428338944276391,-1.9200394246820525,-0.39410699722993064,-1.0299136238775235,-0.16872312834588682,-0.8981470175064918,-0.40663854504595903,-0.40362464074945253,-0.8977032737841617,-0.5687384464700098,1.1308123119581321,0.2771427186764261,-0.007773807357710993,0.21849894807755182,0.6804651747677495,-0.5560985578077295,1.5404488334179294,-0.8888556379004033,-1.0447651200444914,0.8328538346861463,0.8083513943833334,-0.9720629155952296,-1.5832588765168478,-0.85308848507745,0.40892571751699586,-0.044096620722138324,-0.0819963953737729,-1.269268886723424,0.626852844595829,0.8292197540089887,0.829549669962496,0.35060941627261283
numHidden 	5
numGenes 	48
minGene 	-1.0
maxGene 	1.0
popSize 	100
maxEvaluations 	20000
mutateRate 	0.1
mutateChange 	0.3
seed 	1554482074203
random 	java.util.Random@1f17ae12
neuralNetworkClass 	class coursework.ExampleEvolutionaryAlgorithm
Training Set Training
Fitness 0.006890278174699194