-0.20618274330422598,-1.5902205946508698,-0.4836982159065766,-0.2938412530384904,0.9495543676667535,-1.1657753661828856,1.5403016370415357,-1.6321000322318129,-1.5567241885546639,0.2513938282474775,0.07257388577475321,-1.5594720487312559,-1.4038733241502326,-0.5170873499129187,0.037398428377350634,0.2137460001579926,0.9535680387889847,-0.9820080032106684,-1.6972680489540903,0.6430448076521968,1.44463449855111,-0.4664911682705111,0.9007400453089223,0.6630197776206321,0.9395175071275201,-0.04153022952490926,-0.0979701038992446,0.06199451203980383,0.1627280949658514,-0.6217205839548183,0.1720765822754199,0.389546661916602,1.2305781428590867,-0.7490253334641037,1.0839350997697954,0.9303403964829262,-0.3716561883944568,1.107265199885432,-1.1941819182004154,0.11269525524184432,0.7986737208121711,-0.5145884151204732,0.32772673303580757,-0.2025188251475179,0.09359992886148683,0.05431896947407755,-0.481328119119968,0.2586839213810424
numHidden 	5
numGenes 	48
minGene 	-1.0
maxGene 	1.0
popSize 	100
maxEvaluations 	20000
mutateRate 	0.1
mutateChange 	0.3
seed 	1554482164521
random 	java.util.Random@1f17ae12
neuralNetworkClass 	class coursework.ExampleEvolutionaryAlgorithm
Training Set Training
Fitness 0.018996142768333547