-0.5990826070230215,1.28584366701975,0.4742160527905324,1.7970523984713214,1.8557024909964623,-1.0281063016544159,-1.2780211862196673,0.40546169835961254,-0.3739743650826029,-2.9486458318638347,1.4010007941932165,1.8636343605801329,-1.6610567385509185,0.734143872989524,1.020965183555834,0.6310575053958758,0.4129731995257827,-0.6267366046370191,-1.7387778797298494,0.8215558602733173,-0.547273245752739,-0.4882471466486308,-0.4237143856740349,0.941835974259505,1.1993486976512024,0.3101512053608949,-0.30441001481290125,0.4259355295320195,1.604971978101272,-0.5774445537325119,-0.0015449579809548863,-0.3342954455304618,1.8880838306848013,0.7296701395980281,-0.6636130733879774,0.4226590732105997,0.30449092748499973,0.32411082462663826,-1.004808866098245,1.0938918625788983,-0.21593410277211594,0.6792414308633485,0.679376266704258,-0.4262574833007007,0.5596939582814004,0.5250985639547061,-0.8387838098234162,-0.01530229254148685,0.2722778802784198,-0.2223181092520382,0.3401243606352299,-0.8500809016790651,0.6797539484976172,0.7347190538198379,-0.251692663120048,0.2770144846579371,-0.5046590717484827
numHidden 	6
numGenes 	57
minGene 	-1.0
maxGene 	1.0
popSize 	100
maxEvaluations 	20000
mutateRate 	0.2
mutateChange 	0.4
seed 	1554386030805
random 	java.util.Random@1f17ae12
neuralNetworkClass 	class coursework.ExampleEvolutionaryAlgorithm
Training Set Training
Fitness 0.04273695675431205