1.175530138098003,-0.5382439072781582,-0.6825705184006443,-0.07772002048715893,-1.757575082732418,3.2248088261675005,-1.480036885726106,-0.8655398984010764,-5.037436668964633,-0.26206933399508336,-1.2510277898806461,2.76906699655522,0.1630885311491631,0.7568406497325337,-1.683280324454717,2.722575800436887,-0.3069608389348885,2.3827426514650782,0.8023792079342793,-3.1131050043857824,-2.7768870997681425,-1.216606336914246,-0.48175562592025056,3.5602061372686538,-0.7941264250920872,-0.05058256180379672,0.6091850787795677,-0.7690683576836325,0.46493579562055387,-0.1586626360814865,1.2896365206376916,-0.3789040207311096,0.14727335782891132,-0.08519738274439503,0.18867231532964862,-0.16175735044822503,0.6667906550113893,-0.9039415487696085,-1.9618140753231001,-0.08090921409788554,0.5304192863070456,-2.210963565572664,1.190162198673136,2.339817861826189,-0.9111975774765331,1.1555661859260105,-2.565217695153103,-0.3321797385557642,0.6777037037824241,-0.2935752438515782,0.8856669980496927,2.6313464282341097,-1.2751569583041817,-0.10377984198595952,-0.7628503533546291,0.043212677712682945,0.6499800769507962
numHidden 	6
numGenes 	57
minGene 	-1.0
maxGene 	1.0
popSize 	100
maxEvaluations 	20000
mutateRate 	0.2
mutateChange 	0.4
seed 	1554386343077
random 	java.util.Random@1f17ae12
neuralNetworkClass 	class coursework.ExampleEvolutionaryAlgorithm
Training Set Training
Fitness 0.01305724429558254