-0.7900515814006939,-0.539919928138157,0.8607323186210684,0.24305095729429205,0.3992585310137615,-2.1467818320409178,0.5590750807181819,-0.3789635755283236,0.0868653780932081,-1.0287549724215053,0.7054563697944539,-1.1763370463131484,-1.9592016208763552,-1.2852116374476936,0.2009197115239711,1.6029414216553453,2.1785584385898558,-2.2837785080935884,0.2509081270037988,2.526365717625273,0.05026450412535827,-1.7901837056656924,1.2112250682721117,-0.8744845335255558,-0.06693264453973408,1.6349367615702648,-0.6018269827576788,-0.20428791071962105,-0.12101406810856391,0.8974269020835663,0.1196093295495784,0.2936840114440401,-0.97059852176793,0.443475401670388,0.06748797615223401,-0.5058211919741801,-2.535569415040765,0.8261897581730356,0.6892009627387858,-1.847054097785325,2.276517601089353,1.7261657862987638,-0.6667624459372627,-0.059025043182282355,1.0468806774213637,-0.853811873994369,-0.9189036829810397,-2.104352526105969,1.035000361624346,-0.7356737703360321,2.1502026683949924,-0.8915111660533975,3.7203079589116643,-0.9354325736492259,-0.10513481171883654,0.4681926727533779,0.3313330242097154
numHidden 	6
numGenes 	57
minGene 	-1.0
maxGene 	1.0
popSize 	100
maxEvaluations 	20000
mutateRate 	0.2
mutateChange 	0.4
seed 	1554385765397
random 	java.util.Random@1f17ae12
neuralNetworkClass 	class coursework.ExampleEvolutionaryAlgorithm
Training Set Training
Fitness 0.012957892867500905