-0.49922462847785426,-1.54211108017058,-1.1254534037702513,-1.3023130449926588,-0.42350118964797734,1.3416457046459234,0.5143413205044833,-0.46779833419694544,-0.2592919009055866,-1.3149714555869112,1.4416074459290384,0.35617766178294397,-1.256637389914114,0.4147515985870117,-1.6082609603244045,0.24465516410974608,0.46682604977253267,2.0418050417982236,-1.0256119405964261,0.4989801063927284,0.6665303972274954,-1.6998057793417032,2.8225984374097988,-0.596400700195372,1.0001539312302143,-2.5085825482299935,1.7398458856356598,0.3544182937607605,0.5336717289767108,-0.3722109533354538,-0.04173837222783311,0.8056660179673987,1.4935084227923048,0.3652060578590226,-0.11851484313741373,0.34387204837234364,-0.3737658966287628,0.8160684050092277,0.11414082155246064,-0.17016207494430113,0.9627969547342559,-0.1642428847348581,-1.7858100487686275,-0.8901314444078572,1.224334249407295,-0.6108137732552898,1.4748450513560754,-2.478232081420901,-0.25577061616289287,0.12665574960668638,2.3405979726272363,0.8671408203282962,-2.088472937022679,-0.030404821094564882,1.7584959365991317,0.0404508858467863,-1.8956605556230688E-5
numHidden 	6
numGenes 	57
minGene 	-1.0
maxGene 	1.0
popSize 	100
maxEvaluations 	20000
mutateRate 	0.2
mutateChange 	0.4
seed 	1554385264612
random 	java.util.Random@1f17ae12
neuralNetworkClass 	class coursework.ExampleEvolutionaryAlgorithm
Training Set Training
Fitness 0.019256752164113884