1.645602599295202,0.054498149915891414,-0.6473294003620002,-0.8595520631494282,0.2511483509833175,1.2147447557661493,0.5533875000009036,0.5153513854702882,-2.8138406707749937,0.5897518226169124,-1.0388383338972837,0.5718063465740479,1.396529747269916,-0.1225487338670922,0.6973541200276572,-3.8048001748712075,-0.7391249439365244,-0.02970728268047057,1.943865295503928,-0.478848823613883,-2.4282260127993314,-0.17157309145615673,-1.6540285623880375,-0.03478492302918257,-0.3074216643836576,-0.9117889556183191,-0.29520796492856294,-0.4184057523671426,0.32870139870331316,-0.11741201694835124,1.8418612375044316,-0.5398198398450627,0.47835049798001267,0.18500756894427256,0.34652798797232276,-0.6635459950299413,-0.12623951796196353,-2.556795314841578,-0.384779428645603,0.24921670857944112,-0.022356100210263408,-2.384516625858696,-0.5747630030296225,2.2823188032822443,-2.419049662170374,-2.270419796014652,1.796213286236846,0.925890408625433,-0.4693462333287148,0.43890658146868744,-2.1567185550993937,-0.7169938164715002,-0.503883805397718,-0.3756745018911358,-0.246165854491405,0.6999112141891772,0.29934909811174854
numHidden 	6
numGenes 	57
minGene 	-1.0
maxGene 	1.0
popSize 	100
maxEvaluations 	20000
mutateRate 	0.2
mutateChange 	0.4
seed 	1554384960299
random 	java.util.Random@1f17ae12
neuralNetworkClass 	class coursework.ExampleEvolutionaryAlgorithm
Training Set Training
Fitness 0.012397416986874833