-0.4652246632927104,1.8480599343914421,-0.681157707204973,1.2774589709846058,-0.11707822071335672,-1.1569992112748508,1.7485911806989722,1.370602584304869,1.427511174199776,-1.4878470945780196,-1.0077218961296501,-1.8279963713467307,0.8585466394361915,2.593933654086862,-4.365625241919973,-1.6201789397355502,1.5474275154424935,-0.9912897999377754,-0.8345892328394985,-0.7284052773398678,0.7259220831824869,0.3696472427776113,-6.6199393487065405,-1.8764901468679347,0.8602734840515038,-0.7561870668371301,-0.5463803821391382,-0.2980465909235295,0.9106912717163735,-1.6850269232529456,-0.9002847718651388,0.3717249181143876,0.16286551208592814,1.5255600524627106,-0.18432754451835398,-0.11484343548301779,-0.7078472147247732,-0.7359614237687553,0.45651340250747097,0.5132192662623695,-1.693789780100983,0.8223174921964751,-2.3523229321758587,1.678033924771605,0.4513383199444038,0.5380056233914793,-1.2097902968436105,0.18647423562426102,0.1409913073028301,0.12471998634482451,-1.7128169223162037,-0.6414645787049607,-0.8359766027962403,-1.629794365763863,-0.9975300836855422,0.5154351948694309,-0.8491289366077885
numHidden 	6
numGenes 	57
minGene 	-1.0
maxGene 	1.0
popSize 	100
maxEvaluations 	20000
mutateRate 	0.2
mutateChange 	0.4
seed 	1554386115523
random 	java.util.Random@1f17ae12
neuralNetworkClass 	class coursework.ExampleEvolutionaryAlgorithm
Training Set Training
Fitness 0.0130901323914997