-0.8520116395565465,2.2112744348334896,1.524005913769523,0.4194329420534215,2.172441137759355,2.5582988731086598,-2.4957432245580886,2.5272138684158563,1.8990627671993305,-1.4887832162503134,0.2841610591831252,0.448643782171426,0.6678924565041147,-0.1940622971127106,0.6299917304674976,-2.4628310359764924,-2.3652662577671535,-0.02636730747492866,2.0877028746947017,-1.4827768156713106,1.496806128449669,2.0687475970912876,-2.8806018014033175,-2.2319784935654035,-2.946271258637746,2.0535775838227517,-0.019969917822264982,0.20187254043382463,-0.10990658685652299,1.522732519268489,2.3735781922633983,2.3047680607521137,1.4420320324082097,-2.597509209265299,-1.9452386553021628,-0.597511881044126,1.3292839540576047,-0.7018010103243482,2.5320274465156007,0.45220817461421614,0.8488638203591106,2.959719985195128,0.44244324654959266,-0.27552166757398044,-0.5514632827311585,2.270062783514147,-0.22763664671963468,-0.7826119756182481
numHidden 	5
numGenes 	48
minGene 	-3.0
maxGene 	3.0
popSize 	200
maxEvaluations 	20000
mutateRate 	0.01
mutateChange 	0.5
seed 	1554475360295
random 	java.util.Random@1f17ae12
neuralNetworkClass 	class coursework.ExampleEvolutionaryAlgorithm
Training Set Training
Fitness 0.09223069716109472