-0.5087666811911276,0.38151581310260685,-1.0897032034895202,-2.1016409464956047,3.1213043277229042,1.0537811094788223,2.9150731415921696,1.5558035826460266,-3.3670741459870674,-3.3121185071939507,2.7473135513740754,-2.0646469103907688,0.7938828571167171,-0.669885211666545,3.180523797252267,2.0280934956885073,1.8383682162041417,0.6609081597096127,-2.4069511978001046,-0.8800851514988768,-1.8747617833195978,-0.593829730865064,1.3957958643344632,1.6692291767292202,2.492950011475852,0.0243939745443571,-1.3291030352891755,1.821999282924863,1.0663884321475718,0.9014876235358509,1.4345094959307296,-0.7932338493440998,2.989424126344793,0.27010010124295647,-1.3701814018032803,2.52721034566021,-0.16652395342540927,2.939991168856083,3.9741566060671882,-1.556065108629192,-0.29066072145619515,-0.698580576568502,3.3865136299544663,2.6105460533473757,-1.6431201148013008,1.2991016486872908,3.40385240125692,-0.8750498851154149
numHidden 	5
numGenes 	48
minGene 	-3.0
maxGene 	3.0
popSize 	200
maxEvaluations 	20000
mutateRate 	0.01
mutateChange 	0.5
seed 	1554475587601
random 	java.util.Random@1f17ae12
neuralNetworkClass 	class coursework.ExampleEvolutionaryAlgorithm
Training Set Training
Fitness 0.10741862771969127