0.4038285640481529,-1.4011684285111676,-2.441010303919012,0.41058715747908536,0.5650281286137844,-1.508372591872807,-0.5909932096082464,0.37406085649673404,-2.34029859416042,-2.7852186916303587,2.307730515479993,-2.1200176717474575,-3.1812952417727427,-2.4550144541858065,0.8890148513218983,-2.815653636549847,-1.557034625359833,1.5421205571473777,-0.5638592019163073,-1.129149945356638,0.012690388403564512,-2.929420933897535,0.40779834205785725,-0.25624038499178603,1.5226253228313738,1.0889257794022464,-0.2363611290090768,-0.3272926847485369,1.7912457722094448,0.056478719885460826,2.6271801391744427,-1.2254545885803296,-1.6574268422178111,-1.49561514330885,-2.1096821910773933,-0.6029185877689214,-0.18759841556085544,1.3419452736938684,-0.14177849261113584,-1.2987380811862306,-1.2054568142484312,-0.9021032924349455,2.3822064252149477,-0.2908818432939597,-2.0478507207587473,0.9261171997807258,0.7205570150954506,0.7312723972810273
numHidden 	5
numGenes 	48
minGene 	-3.0
maxGene 	3.0
popSize 	200
maxEvaluations 	20000
mutateRate 	0.01
mutateChange 	0.5
seed 	1554475658416
random 	java.util.Random@1f17ae12
neuralNetworkClass 	class coursework.ExampleEvolutionaryAlgorithm
Training Set Training
Fitness 0.07154981200986014