-1.0899726892604373,-2.14942316330697,2.219116219153624,1.5758665743212337,-1.4417494562872666,-1.3354378238976554,2.406766744408932,2.093332691668019,2.3494410871704146,2.6521211542170633,0.5543208392067083,-1.074031711368466,0.22373539179871837,-0.6108221746580842,0.1619349568413444,0.595373095179994,2.1201918302465135,2.765617940527627,0.8831268868087374,2.073002000220214,-2.8471209390666603,-0.23271787076930606,0.05590174735627418,1.9256960573118116,-2.546777637776649,-2.0216481599492466,0.1989001087793576,-2.8140137930096136,0.7138968332789917,-0.31108871803026794,-1.9794016928798697,-1.2667455117263826,1.2248308161850856,-2.290537530209342,0.4092044547357685,1.579777190101808,-0.8903976533695226,0.15355727805578567,1.3405698701316826,-2.9619782031394264,-1.2516416569810693,1.7918678215715138,-1.6692250548511298,0.9855855815641235,2.5907753898854295,1.556636019611883,1.4024019794872977,0.5891280954135354
numHidden 	5
numGenes 	48
minGene 	-3.0
maxGene 	3.0
popSize 	200
maxEvaluations 	20000
mutateRate 	0.01
mutateChange 	0.5
seed 	1554475296539
random 	java.util.Random@1f17ae12
neuralNetworkClass 	class coursework.ExampleEvolutionaryAlgorithm
Training Set Training
Fitness 0.10502681457180844