0.9893985205948104,-0.3423442869481406,1.3760269365842897,1.2938778984838004,0.18859956275146705,-1.2372859180867386,-2.5194886831042065,0.16399348739842667,0.8649073802602871,0.040492786577592366,-1.8073058171302976,2.0205102751377777,0.9310600661470803,0.517551143818062,1.3670713390082567,0.7810909659681946,-0.6539582462061966,-2.2129974942953856,0.37422760889356754,-0.6326631178105129,-0.02202095855566183,-1.1858555951186334,-1.3412499788409882,-1.199701534240743,0.5730684806015415,-2.1123542056329043,0.06547327963267258,-0.6568474061052676,-0.32527404357621936,1.6110155580633678,1.6699315315141348,0.5781052968177176,-0.29039282925825144,0.2900367791507744,-0.44434879892978524,1.4203998056563882,-1.268490018131326,-0.8792830478751148,-1.199519578762508,-0.7610027600884736,0.8061882688795068,0.037739904521847945,1.1086180174907887,-2.699939977459891,0.27655160761617914,0.18216110667216256,-1.3053283453337348,-0.35641517141442003,0.877671248360395,-0.06051116016463448,-2.9546306715568407,1.3422391745281155,-0.2519350078669505,0.5933980853777356,-0.12088345315183818,0.3557217261287036,-0.6440043970707408
numHidden 	6
numGenes 	57
minGene 	-1.0
maxGene 	1.0
popSize 	100
maxEvaluations 	20000
mutateRate 	0.2
mutateChange 	0.4
seed 	1554385649834
random 	java.util.Random@1f17ae12
neuralNetworkClass 	class coursework.ExampleEvolutionaryAlgorithm
Training Set Training
Fitness 0.02202040812050097