-1.5075489262854198,1.3063279033268045,0.3705298024951075,-1.7623609488472969,-1.417497579915966,-0.31090227597344444,-0.6283333052466151,-0.8658230704639021,0.6156794490007769,-0.32445288433401714,-1.4720702402746764,2.854024887394987,-1.4771277939954799,2.385042063087531,-0.2611671716472454,-1.9103940096721481,-0.46597093396266376,0.3205540981008252,2.4920201619712925,1.979070709662474,0.37629739936819584,2.2104542970763346,-0.09208600824801627,4.1372969641704325,-0.5075131269006522,-0.6052881557200452,-0.7055423523523983,-1.4178997486881628,0.3211001998611056,1.1835251723591862,-0.35610609752435035,0.41520168881447217,-0.30000562302468714,1.58502454594269,0.1552919969664791,-0.5126938850099455,0.6094362546007175,1.9607327586638306,0.1489686742103286,1.9827041201696964,-2.230935939577944,0.5526987935194058,-0.24163561646123188,-0.3578805482838128,0.5296581267628556,-0.7037765270610218,0.7618005791397797,0.3486139779621629,-0.8267116735827068,1.0776087337139628,-0.9530282129507528,2.7598019551462944,-0.5702499161869559,2.775327324901423,1.0726634668192774,0.39824277902625466,0.8241442260531683
numHidden 	6
numGenes 	57
minGene 	-1.0
maxGene 	1.0
popSize 	100
maxEvaluations 	20000
mutateRate 	0.2
mutateChange 	0.4
seed 	1554385098357
random 	java.util.Random@1f17ae12
neuralNetworkClass 	class coursework.ExampleEvolutionaryAlgorithm
Training Set Training
Fitness 0.01099684980976031