-0.8979869476724693,1.0442848827415943,-0.18081292898991141,-1.263040137141588,-0.9631599101836634,-0.6887638203092883,0.8943885583271138,0.3706983468606007,1.0219422536854328,-0.5137161348484812,-0.9031417472472356,0.2649161944545694,-1.5559219806020328,-0.03762306620591083,0.47920177343458215,-0.7246131895921457,-0.6213568685898325,-1.1925083402626708,0.45568622859054536,-1.1625063437066878,1.1544938535223468,0.6715976037724745,-0.9456028801984601,0.9800510349305507,-0.018087150903908944,-1.204940392373834,0.001358190383617286,-0.2793822675177562,-0.3484288369807848,0.29054979196906644,0.28080997589356627,0.8317134703887838,0.547035731618591,-1.2273763850914314,0.03803329191976301,-0.31761367313987665,-2.4503663632244503,-0.1928552848708458,-0.9683609826058726,-0.8361499424965966,0.17638961597188751,-0.45795772274026464,0.15605452032644052,0.21611709308775418,2.3033981394076917,0.3927425874906359,0.8821808612960024,-0.6550875256729404,0.0426141281176477,0.5390588447538733,-0.4549396335699263,-0.957281497994266,2.3895702442708635,2.1926490129297687,1.3486877955187397,0.850539964738735,-0.5308597165920819
numHidden 	6
numGenes 	57
minGene 	-1.0
maxGene 	1.0
popSize 	100
maxEvaluations 	20000
mutateRate 	0.2
mutateChange 	0.4
seed 	1554385927971
random 	java.util.Random@1f17ae12
neuralNetworkClass 	class coursework.ExampleEvolutionaryAlgorithm
Training Set Training
Fitness 0.017394109548540163