2.51883944783957,-1.571068935234449,-1.04112923502,-2.1570864761684274,-1.426442127195203,-0.8915861437709659,-1.0317984728888328,-0.8986096952679957,-1.0978069663846513,-0.27346703235613995,-0.4788751133224267,0.5491640399581665,1.1430094390187073,-0.6423486918811617,-0.6239264320921916,-1.4154256953959972,-1.6996622002968147,-1.428640154524638,-1.826981831248514,-0.8502199158937507,-1.559116826481596,-0.7320362992423004,0.7359365449181763,-0.31046500352140244,0.03759362996431248,-0.6166548883455227,0.2731306620951608,-0.7560965539908359,2.3067177930173206,-0.1559898456502179,0.4476149000932986,1.0223930851383378,-0.2127382659158219,0.09571934140784255,-0.9812280480213147,1.3073617494106178,0.4927452905967688,-1.6584399419238278,-1.0433266451911445,0.09175807954726733,-0.046841400853911974,-0.5607175546597469,-1.1810483479130522,0.2661896356416135,-1.427789739631331,-1.5000565109914268,0.7829687753515284,-0.025104365771619785,-0.7913352373964111,0.27747219683888547,1.1495472549098473,-2.2260798430954027,0.1122410241786374,0.27745882798663385,0.8851442883106729,0.7627979871604409,1.04637670192542
numHidden 	6
numGenes 	57
minGene 	-1.0
maxGene 	1.0
popSize 	100
maxEvaluations 	20000
mutateRate 	0.2
mutateChange 	0.4
seed 	1554385476991
random 	java.util.Random@1f17ae12
neuralNetworkClass 	class coursework.ExampleEvolutionaryAlgorithm
Training Set Training
Fitness 0.017389769773743118