2.793065677894919,2.0490590866039726,-1.4619692626311314,-0.7476666980238857,-0.36150001195248543,-2.355491826346302,2.108667487761495,2.303077172998788,-1.8917269407945971,1.2567750566359024,-0.011008528838208242,-1.2483500410306927,-0.9312915073793979,-1.1568685375556709,1.8970314000550033,1.9425406587666751,-1.127694007256418,2.278345789276102,0.6048171527984658,2.7985999733567164,-1.1053224672639375,1.3742588007398202,0.2532150811046163,-2.2711550561377907,-2.3601111100061463,-0.5541020179648583,0.578506884064109,-0.3057411939845238,-1.773970253755742,-0.6016252813091321,-0.3880630198194483,-1.031511275246542,-1.428878617471089,0.13139010525621037,-1.909216487168851,-0.07903225723997975,-0.7230824326706926,0.46128111369255986,0.8246407050262914,0.177409946333551,-0.8674453266902207,-0.3275377926775942,-0.25655021673420997,2.528017230261444,0.9800707390732901,1.1688286563485235,2.8970966917480583,-1.18878349898732
numHidden 	5
numGenes 	48
minGene 	-3.0
maxGene 	3.0
popSize 	200
maxEvaluations 	20000
mutateRate 	0.01
mutateChange 	0.05
seed 	1554402367836
random 	java.util.Random@1f17ae12
neuralNetworkClass 	class coursework.ExampleEvolutionaryAlgorithm
Training Set Training
Fitness 0.11471644962853753