-2.2672271704906466,0.09646367564837295,-0.9510234879571022,-0.6050150458915147,-0.26071041349122587,-0.7072042696875855,-1.703055810264442,-1.3847995158091027,-1.947312352696645,-2.715074783292257,0.0494719593134505,0.19048659177410432,0.0442966777053905,2.221279669170711,0.11846622948345172,0.4578490208283341,-0.9997472465372306,-1.7360816025931205,-0.14374400168920565,-1.1969568881775154,2.006173252584923,0.1466666716977815,2.984236215318324,-0.7146681627562883,-2.3754824474032827,-2.8789381899424216,2.9404140578376374,-0.8446288414076761,1.9124800672693145,-1.0149230327690033,-2.239809958419783,-0.7684350190156384,-0.5350523804581442,2.9078908988571808,1.1281763670483977,0.2926693204210218,0.18191487331372275,0.9849203392160701,-2.7515088803822314,-2.471608364146446,1.4618266150522512,-1.8551899982769915,-2.9672141294989576,-1.883791513820617,-1.914452546964303,2.158518913495265,2.8315228416432765,-1.6335268230122149
numHidden 	5
numGenes 	48
minGene 	-3.0
maxGene 	3.0
popSize 	200
maxEvaluations 	20000
mutateRate 	0.01
mutateChange 	0.05
seed 	1554402677261
random 	java.util.Random@1f17ae12
neuralNetworkClass 	class coursework.ExampleEvolutionaryAlgorithm
Training Set Training
Fitness 0.13163100732539473