-0.04291329079843251,2.564938573565658,2.3169867303712843,-1.9523443259655189,0.48892892889502004,2.458055174326206,0.7420408583356213,2.5078623080062954,2.7969883217365235,-1.7256124856307216,0.05736419246014961,-2.976658600526841,1.2313852566449561,-2.2237035362356794,2.12476827485614,2.121427162175732,-0.2433266604149975,2.0578690146233,1.9191687638619501,-1.0857997404825854,-2.2070348813638807,2.6244265656597037,-2.6496677807543625,0.05052253015524588,1.738074773102533,0.42523773806341547,0.06698208549449713,-1.2341003389278482,2.062916516870266,1.5775831754315284,-0.6316659624767391,-0.44905058187747804,2.6581049245354276,2.9771103279065185,2.2888172277397807,-0.20860682059537033,-2.0020282432156056,-2.161269234345257,2.9027296674152616,0.5427889428358661,-1.6691883778280763,1.9426628975331521,-0.5599214454840267,-2.115974059749511,-0.8570564024223186,1.2245384047354033,1.8527103777883376,0.43201496856177546
numHidden 	5
numGenes 	48
minGene 	-3.0
maxGene 	3.0
popSize 	200
maxEvaluations 	20000
mutateRate 	0.01
mutateChange 	0.05
seed 	1554402451327
random 	java.util.Random@1f17ae12
neuralNetworkClass 	class coursework.ExampleEvolutionaryAlgorithm
Training Set Training
Fitness 0.10570732630543606