1.7289902921511537,-1.8051227235841776,1.7432740692173507,2.7326093769658373,1.9573711900410709,0.6802507468537755,0.8533679025986753,-1.772130226064187,-0.0560549995646733,0.9968144874659233,2.4632288269781792,-0.9953631835292001,-1.4026485190582385,0.17334553070647285,-0.9267125432981154,2.219936877248898,2.0260341892007405,-2.6759981693113373,2.339604684859438,-0.0880051509528423,-1.267147047183763,0.8561870318227367,1.5149648872552288,-0.6236231512310833,-2.0815715172740354,0.7909183774907391,-0.8342930244946669,-0.9600016588617295,-2.764204923949133,1.4279381854517026,0.8980283072558262,-2.593261460467034,2.3393740533027874,-0.5407720009438197,0.3725234621482399,2.7594882762808686,1.1521996577216864,0.5973474505939678,-2.630704707501542,-1.837181141898793,-0.42776215419150254,2.371479799754675,1.5016675539538664,-0.13060286720084407,2.8438996510307035,2.336367065739175,2.000990440287085,-0.08896616632588232
numHidden 	5
numGenes 	48
minGene 	-3.0
maxGene 	3.0
popSize 	200
maxEvaluations 	20000
mutateRate 	0.01
mutateChange 	0.05
seed 	1554402825389
random 	java.util.Random@1f17ae12
neuralNetworkClass 	class coursework.ExampleEvolutionaryAlgorithm
Training Set Training
Fitness 0.1064828543363769