1.0885659034835717,-0.15366802854606104,-0.5747852364257806,1.08024396780098,0.009849992270437868,0.829723298002753,0.06487310551155645,-1.084902638817897,1.3843123936659487,-1.0841626521312915,3.0379316091102453,-1.03535492067748,-1.224857012960126,-0.662248664628784,0.782969036432358,0.6171348156498756,1.3346769371168756,1.2567885570445503,0.11093764115305405,0.22144153061044541,-0.5982316239654426,0.8730406937441039,0.9867183748744184,-2.6616236004561977,0.8902180025355313,-0.24900263160746255,-0.4657839889185105,0.7481780565091576,-2.8386107933516747,-0.5758891336619244,-0.34802955609115516,1.2418279453622698,-0.6523322665500484,-0.6446120968996942,-1.9454804064939804,-1.4628243066875595,-0.12203201453973372,-0.6858298614686433,-0.7425112773696554,-2.044210648592353,0.05448606987368676,0.37920906393244813,0.2073908199563032,0.08840318780528028,0.04553525075123377,0.07451844931987084,0.22312075021308958,0.09772137475024478,1.0284331764866586,-1.4024876504751047,1.7557317480883552,0.6693451336980474,-1.876634040593893,-1.5668368854986292,-1.248725138979001,-0.6498203380837392,0.18276451246667236,1.0387430914853193,-0.21968754524744533,-1.4377338907874408,-1.2311920186120118,-0.05182443944055126,-1.4963010330119038,2.572348192432277,-1.6398452165717918,-0.2809929907088663,-1.2547143699873824,1.4236185269647001,0.7305769215321227,-2.061469385470384,1.1997200307005755,1.019352604125029,0.032670235307730944,0.16665874372079792,0.15896484907605873
numHidden 	8
numGenes 	75
minGene 	-1.0
maxGene 	1.0
popSize 	100
maxEvaluations 	20000
mutateRate 	0.2
mutateChange 	0.4
seed 	1554486161131
random 	java.util.Random@1f17ae12
neuralNetworkClass 	class coursework.ExampleEvolutionaryAlgorithm
Training Set Training
Fitness 0.023033559253033402