0.09217571190574714,1.961084280211506,-0.20901770471952597,-1.5676671880035495,-1.3356582553004746,0.21217446256569839,-0.49515124525054444,-0.8986537947039619,1.2312273690926692,-0.5526161155739576,0.3044147890259415,-0.1442760581860828,-1.2007898588202564,0.0019987175968013693,-2.251213894259614,0.4521918239820882,0.7893837527531747,2.478627604513409,-0.11117467861452429,0.6176477212025058,-0.8425656275205746,0.7469351947723175,0.6835449592596352,-1.6690560830362986,0.9275406732403435,-1.735222683757825,1.6009551449815054,-0.1200806039760679,-0.32601146763865446,0.01624100500540704,-0.7867447753786267,-1.8255728829930633,0.3139833013496219,-0.8987477377081373,-0.3517163163348412,2.000639509097247,-0.3177126421734704,-1.1138378561871096,0.2563947786549873,0.6289674413473543,-0.42317966086633585,0.2499425959975372,-0.25612350147817625,1.278788235308694,0.036977959068687616,0.11064994611871526,0.05851861026237526,0.42682167256164383,1.2844866031532929,0.3480109622272325,1.6741291202454889,2.4369326438300534,-1.3433154136551069,-1.3236839356652041,0.354087697892993,1.0654115745103478,1.4663505148384033,0.8129147580592881,-0.7796602702396784,-0.1537436187402494,-1.9194391948166256,1.0371057661080938,-1.8306323011801888,-1.6929814069558875,-1.7759542181135413,1.6203091876665023,2.1314848621551277,0.7862927694740176,-1.0452091464123596,-1.5258845401261918,-0.00898965640507704,-0.7104822300085062,-0.1451118897449336,1.4580304617065014,1.513151521871575
numHidden 	8
numGenes 	75
minGene 	-1.0
maxGene 	1.0
popSize 	100
maxEvaluations 	20000
mutateRate 	0.2
mutateChange 	0.4
seed 	1554486636576
random 	java.util.Random@1f17ae12
neuralNetworkClass 	class coursework.ExampleEvolutionaryAlgorithm
Training Set Training
Fitness 0.01249737882896358