2.3305972456972706,1.010194087590674,3.149840481758703,-0.2307740242889013,-0.4391511998946533,0.608981436709739,-1.4494035156926244,-1.182001580060183,-1.0303939094471768,1.9799800958537628,0.4492051880297343,1.6306700621013586,-1.2651089497384724,-0.792208363579244,1.1256398779423005,-1.1409009113729873,2.9528574993505705,-0.5506209710499053,3.7483501858833894,-1.1858998948431987,-1.0472311966709145,1.1045942444925987,-0.320135281326413,-1.211474044894436,0.646345174865185,0.1043127940175867,-0.7716593148549089,2.680242072664874,-1.523190806506907,-1.0659601105412304,0.5156720106419469,-0.45850453604449054,1.0564188986730776,-0.07679245987101879,-0.0824870342457078,-0.8553967717349328,-0.6887111921412701,1.1560546864903962,-1.088334356521963,1.1549851776848463,-0.3441575632683555,-0.702166566698066,0.5192328050380225,-0.12434220531203177,0.05905220067879752,-1.7364213981493495,-0.4952939431489125,1.3577917162171798,2.210502315424612,-1.097618201668468,0.0762628336415897,-0.5561520396790044,-1.3561306789887582,0.7140466645652483,2.449747230629169,-1.7108737237004346,-1.1736873761272029,0.10255878931792567,0.8067079114786635,1.4179647400713733,0.5702325299051372,0.5575956044673467,-2.8902772514767463,0.6932354523975637,-0.06230154467945881,-1.3652032563145529,-0.40540044687279797,0.9377043229925224,-0.49383768950093554,-1.1137943896802405,0.46139835180599054,-1.218966525724966,0.8889375899714711,-0.5423120197316587,0.6497158036966815
numHidden 	8
numGenes 	75
minGene 	-1.0
maxGene 	1.0
popSize 	100
maxEvaluations 	20000
mutateRate 	0.2
mutateChange 	0.4
seed 	1554486017666
random 	java.util.Random@1f17ae12
neuralNetworkClass 	class coursework.ExampleEvolutionaryAlgorithm
Training Set Training
Fitness 0.014634309513861481