0.3829307099647481,-0.7926772096759017,1.597718190337394,-0.09958059992903817,0.403018534847073,-0.6085258150315289,-0.7713906759570733,1.1746573408856047,0.750149461305516,-0.2563309137107509,0.7394950570103802,0.8340624502190481,-1.0064349586673607,-0.6870473368114005,0.17222747137986416,-2.2442604489763482,0.765556953778862,-1.197742553238007,0.3551532817996801,-1.4126408596270936,1.7745071841371278,-0.8773266131143651,1.8016198925834446,2.0145036564390915,1.3723924500451714,2.3773634270373747,-0.5889908046851376,0.5429980525727599,1.2563610450461613,-1.053030896806433,1.8911831287943488,-0.9141955305136344,0.9583112014365445,0.0940967758398436,-0.8855569222885389,-0.34603627702699197,-0.25187190057936704,-1.6149612001959726,-0.43293053746821586,0.491623059879839,0.3254992481534186,-0.2654182004092175,-0.06812588471773601,-0.027542315394345762,0.8649868731405982,0.8500267119273416,-0.7008247784574526,-0.1932243282216216,0.4491409796900747,-0.9388307336378998,1.1581344097816577,0.7748332540891887,1.2124936587612503,1.0262290864758417,1.2572312329697273,-1.3020165079697947,0.42228775754858777,1.625261073823502,0.1399007085619277,-0.5204798283693076,1.821290647128588,-1.935139904675775,1.2676967382782847,-1.5490218178066035,0.42716408289296715,-0.782871735979154,0.31803404902303417,-1.693615906249326,0.6772473546904336,1.0845721457010025,-0.7268313310080918,-0.7290778940692122,0.28457846365113526,0.1449625105615212,-0.22129071818615148
numHidden 	8
numGenes 	75
minGene 	-1.0
maxGene 	1.0
popSize 	100
maxEvaluations 	20000
mutateRate 	0.2
mutateChange 	0.4
seed 	1554486275488
random 	java.util.Random@1f17ae12
neuralNetworkClass 	class coursework.ExampleEvolutionaryAlgorithm
Training Set Training
Fitness 0.01161820735626071