0.26550092989086,-0.9697411559967731,2.336509405216635,0.6648622210765475,0.12233355593458883,-0.8531731791713931,0.6066111277914631,0.19090409167626066,0.4698812877002701,0.3690217771781312,-0.3955939859932964,1.5009918462619907,-0.8108556409507266,-2.884685926920863,-0.950395950912341,3.440250239680672,-0.29068569287948887,-0.8882595925347254,2.1202315106633796,1.6210143807433959,-2.0701441963583496,0.829408860151851,0.23869726031204844,1.084987489554144,0.4777902971443663,-0.5542260822965439,-0.016706729311634583,-1.2913925556282604,2.22486144425855,-0.33526706994133054,-1.6031807833254654,1.9912365528690237,1.3915966136108644,-0.0494817249422389,-0.8142313329574622,0.20109035566230182,2.482514545933171,-1.6720219400355796,0.7810151195560169,-0.32731049920097316,0.5393157576668239,0.6800377824371167,-0.2583465983954222,0.2072371391905362,-1.2194419682513535,1.6460251586764214,-0.08294705388735146,-0.017684835586105396,-1.4235276950796507,0.9279028095463833,1.210909508401988,-1.8866962154084819,-1.096179374996892,0.9388777806973228,2.268953092899599,-1.5654077387550498,-0.46219343587800243,0.1107236149464888,-0.3120876571885348,1.0196428364687349,0.1337418454854573,1.8725582323743064,-0.0801452027357924,-0.5888929356023938,0.22308724501751276,-2.059036672133952,2.0154667239205386,-0.6276055529321884,-4.110265310962361,1.93427078975596,-2.368705751750575,3.088572079350281,2.6561348899801454,1.1784125199542859,-0.3443233067922263
numHidden 	8
numGenes 	75
minGene 	-1.0
maxGene 	1.0
popSize 	100
maxEvaluations 	20000
mutateRate 	0.2
mutateChange 	0.4
seed 	1554486417666
random 	java.util.Random@1f17ae12
neuralNetworkClass 	class coursework.ExampleEvolutionaryAlgorithm
Training Set Training
Fitness 0.020442143993715627