-1.3225924260721766,-0.11230653691070103,1.5678004775972316,2.589892857864827,0.04035076142815823,-1.2453965817295414,-2.4525017795789346,2.55077171790281,1.3431817239549104,-2.1995397968910364,2.0871959015520893,2.45195202655516,-1.9883213924330254,-1.4540223118941016,0.07257918514219473,-0.13492541583092788,0.6637059781121444,-1.9768630413360082,-0.10253656682277111,-0.059187182339126385,1.1839385839056238,0.2887422070161705,2.6666552126635903,-0.29038887265425234,-0.5341441146255775,1.1153040829806427,0.524159841823667,1.579493989549756,1.049169797181029,0.35996901123105596,-1.773893008242275,1.5088162792387096,2.2726428847151094,2.7508883761614493,-1.5116849306430327,-2.2607570731919386,1.541553325193938,-0.8434103703535041,-2.5135408968439323,0.01917257187479375,-2.374140779209533,0.8175870441975563,-1.3776430454634911,2.1302384264795435,-2.190590232276068,-0.5793620955831951,1.6429323652592005,0.049441465229625156
numHidden 	5
numGenes 	48
minGene 	-3.0
maxGene 	3.0
popSize 	200
maxEvaluations 	20000
mutateRate 	0.01
mutateChange 	0.05
seed 	1554395395039
random 	java.util.Random@1f17ae12
neuralNetworkClass 	class coursework.ExampleEvolutionaryAlgorithm
Training Set Training
Fitness 0.06652084360670886