-2.1418329127930256,-1.1340711046251482,1.7929025049064282,-1.3946816565945614,-0.2257511233057934,0.15248560914160264,-1.424235833737865,-0.6828553177003835,1.6246579669750574,0.1451174265035789,1.6945003225353634,-0.21603882514883832,-0.2913604927653025,2.2513285542769657,0.3331734899376619,-2.721700485786689,-2.5118497345692807,0.9904216223792963,-0.19062511801093224,-1.5252299241561798,-2.3808388652914174,0.6897542548163866,-1.675343033749896,-2.8728884907533656,2.6128913879546376,-0.6521973381536301,-0.24798053870237258,2.0943144860186598,0.3817460516948616,-2.066060723645667,-0.9302844764178895,-2.6925893316955456,-1.24440938600353,2.235070380090187,-0.224749573605871,-1.2475011105580016,1.3223541481815762,-2.412988438787476,-2.6744413089415495,-2.5329322836310726,0.25281078223722986,0.6937134589020757,-2.601048520775108,-1.6443432905506619,-2.487247760242285,2.0901852590785603,-0.23846160014912315,-0.6226165575844318
numHidden 	5
numGenes 	48
minGene 	-3.0
maxGene 	3.0
popSize 	200
maxEvaluations 	20000
mutateRate 	0.01
mutateChange 	0.05
seed 	1554395560040
random 	java.util.Random@1f17ae12
neuralNetworkClass 	class coursework.ExampleEvolutionaryAlgorithm
Training Set Training
Fitness 0.1053229652941789