-2.397251426562551,1.5993629646508454,2.136696798170478,2.689838470050044,2.882971842068552,-2.6020182192286194,-2.4180668447462788,0.35816482923191045,-2.149714836414561,1.5089130561828035,1.4269141631281548,0.030782412399657483,-1.2928922215547243,1.3407388338956974,-2.7331425200883093,-2.0812371856637943,-0.9684710987076541,2.8350663467993726,-2.5124589485865307,2.762578245050964,-0.5535584381408414,1.1332167851482264,1.5662411495945403,0.8056604547477111,0.5772076473762742,2.028329066919241,1.4543590201018266,-2.13066602698009,1.6762593490804685,-2.29576482183069,1.152759213006845,-1.8947129737832589,-1.66984652392292,1.9089432007753024,2.7717029662311,-2.6080300527297133,0.5892014123618943,-0.5054446008750813,0.4856168335886089,2.019053561604007,0.7719103907392391,2.3269264826774982,1.0487991290263725,2.1693071815817317,-0.10392288561455346,-1.672643031776205,2.1315234302179045,1.6099953652784385
numHidden 	5
numGenes 	48
minGene 	-3.0
maxGene 	3.0
popSize 	200
maxEvaluations 	20000
mutateRate 	0.01
mutateChange 	0.05
seed 	1554395321276
random 	java.util.Random@1f17ae12
neuralNetworkClass 	class coursework.ExampleEvolutionaryAlgorithm
Training Set Training
Fitness 0.1325135563254963