-1.29866123982765,0.6285490536152308,0.9614779890877072,-2.660923104447681,0.21076071376277172,0.1538336901182049,-1.1416796598020817,0.5371467986444562,0.9113849762600623,2.9835513651880285,-2.2285503916581657,2.237368898591793,-0.28586538542184137,-2.6543415038199205,-1.134389025090782,0.5784841580636695,1.2910226007681385,-0.8207546760467368,0.41489958094839696,2.486888302392595,2.0138297489765185,-0.31330234588066724,0.6900403774950377,2.6013679467160467,-0.14777412337757978,-0.34779114452852705,1.3668476207730147,1.2934531014340327,0.18791474185637735,-1.1887523488648557,2.2833429851100115,0.9123282991564405,-0.822448346425851,1.2036361624469092,2.6179323724581414,-1.799958052448028,-0.9891394361910313,2.528439201187143,1.0434619356993438,-1.9729491458096888,2.411543119915173,-1.9580887957320672,-1.318101389763462,2.439932850486845,1.8172473014781592,1.6002964730981075,0.9917995511443947,1.7923992643420839
numHidden 	5
numGenes 	48
minGene 	-3.0
maxGene 	3.0
popSize 	200
maxEvaluations 	20000
mutateRate 	0.01
mutateChange 	0.05
seed 	1554395043913
random 	java.util.Random@1f17ae12
neuralNetworkClass 	class coursework.ExampleEvolutionaryAlgorithm
Training Set Training
Fitness 0.12929622934825138