1.382857310133879,1.6085623434659748,-1.0931011193267834,-2.0792233303378977,-1.1401332236793424,-0.9422991311534705,1.8492937046166353,-2.308447408329914,2.482662064946261,0.7870528932064531,2.692183200793261,-0.6397341938729724,-0.8261423415802143,1.713411507433917,-2.8014230472966224,-1.9772653106650206,1.5805969045647759,-0.028531069657952476,2.2034807417784394,2.5241578681177455,-1.7131600108021376,0.05594570863243806,2.5013393284963614,-1.3508178266445632,0.8410385246261274,1.519863523058009,-0.30005021066298454,-2.1493759147733744,-0.8614485352328312,0.2241675215097474,2.4587999704876866,-2.6066662094954456,-1.9694814177914577,-1.9616039346336236,-1.7928853709181976,1.702536032802893,-2.9561618924712825,-0.3483951308861686,-2.4497198036309946,-2.748997385263622,-0.1085820032193832,2.479142102011733,-2.88782934891709,1.1639844683102294,-0.08292550854367368,1.6622142033410434,1.5220313797170553,-0.6174247094097776
numHidden 	5
numGenes 	48
minGene 	-3.0
maxGene 	3.0
popSize 	200
maxEvaluations 	20000
mutateRate 	0.01
mutateChange 	0.05
seed 	1554459159419
random 	java.util.Random@1f17ae12
neuralNetworkClass 	class coursework.ExampleEvolutionaryAlgorithm
Training Set Training
Fitness 0.10082626636326679