-2.8265247572692633,-2.537048140316272,2.7043813280959457,-1.0005123614139217,2.176911259507704,1.4408711600412383,-2.3935334295139397,1.0432006180518023,-0.46183276364267084,-2.537931562052143,0.8362774415344711,-0.08942058548262732,-0.4456355868842009,-1.1705024943284157,1.8795563891170952,1.8283978115606099,-1.1763171039489086,1.1009763163921402,2.0402680685863017,1.43368110848615,-0.4237336013554939,2.37315173235031,-1.195028858936345,2.4947267392015675,1.5770255925728316,0.25867692717013063,1.0112100146562788,0.12641314430825634,0.8882239547851316,1.8318380623100157,2.8010438412226293,1.1083183285290794,2.8693766185528915,2.139959562837543,1.204655957865391,-2.591323729714677,-1.6373762454590035,-2.721898477006917,2.040732357418574,0.055085280151430466,1.8681491516366588,1.4962033976005777,-0.5398773034060413,-1.8778858528996412,-0.24039773810572457,0.44045864543141083,-0.8421711355582477,-0.3956539631474296
numHidden 	5
numGenes 	48
minGene 	-3.0
maxGene 	3.0
popSize 	200
maxEvaluations 	20000
mutateRate 	0.01
mutateChange 	0.05
seed 	1554458991882
random 	java.util.Random@1f17ae12
neuralNetworkClass 	class coursework.ExampleEvolutionaryAlgorithm
Training Set Training
Fitness 0.1054167311153536