-1.4080785708317816,-2.0795298762693992,-2.3798694451553937,0.5776648448645942,-0.4796353644100986,-1.6802619582451486,0.9683702573815238,0.6122577096085866,2.610287416721123,2.9485011154264074,-0.18952701839521352,0.07242963138027018,0.7590721451609448,1.9526589252059419,-1.2674142018797925,-1.3358676744342546,0.36328523204225727,1.585992427483034,-1.837298189599271,0.588646097596492,2.240794244390907,2.1184390412928487,-1.408774985715871,-0.02018380047335766,-1.3844589586259695,0.03608912585164337,-2.578428077511065,0.7176952395453808,-1.302851674561205,-0.90599703994772,-0.8627285389686881,1.4351135290945507,-2.734145785191756,-1.3521132043461652,-2.1227467538577707,-2.1759915445150493,-1.5391591841338221,0.0349944722993952,2.6720402771946192,0.8625476098177343,-2.076594930953676,-0.8678706394596849,-2.628200831278737,0.7677369554020588,2.418144879682888,-0.7601348640940477,0.610716597097102,-0.2015953105142092
numHidden 	5
numGenes 	48
minGene 	-3.0
maxGene 	3.0
popSize 	200
maxEvaluations 	20000
mutateRate 	0.01
mutateChange 	0.05
seed 	1554459301815
random 	java.util.Random@1f17ae12
neuralNetworkClass 	class coursework.ExampleEvolutionaryAlgorithm
Training Set Training
Fitness 0.10556345651281536