-1.6510548877941602,2.5335279498141263,0.6170741585802537,0.49009367865760894,-0.23833925570359826,-2.773604059645499,0.22811788000662947,-2.024235046051422,1.383845728204549,2.908664473900364,-1.403297751819875,2.3630076541367737,-1.4923192160231136,-0.8446405738846572,1.165804304414633,0.06294479215147097,2.2976323411577635,2.822744528761385,1.2318555732343504,-0.218172476878304,2.603986369191329,2.8697055691262516,-2.4080689848826298,-0.24107024631612234,-1.919715675913725,-0.02686551320883268,-0.1811014021167609,-1.1068665932975865,2.705853655798017,-1.903874358666345,-0.7273725875680299,2.856734478666607,-1.324797098202208,2.069627718587667,1.0916706433476155,-1.8788967280503845,-0.31408355544029976,-0.7619038500408368,-2.4966634178589233,0.6219549719765738,-0.9980258681559357,0.3892448550854768,0.7381149866985677,-1.9073174826513184,2.822993890315514,0.3823237327757408,-1.1393049324117004,0.05319450065339293
numHidden 	5
numGenes 	48
minGene 	-3.0
maxGene 	3.0
popSize 	200
maxEvaluations 	20000
mutateRate 	0.01
mutateChange 	0.05
seed 	1554459073414
random 	java.util.Random@1f17ae12
neuralNetworkClass 	class coursework.ExampleEvolutionaryAlgorithm
Training Set Training
Fitness 0.059359595676021955