1.1132382381787558,-0.07896958952381927,-1.3241711913556597,1.0533826820828316,0.8815435923974844,-1.7338568405193815,0.781508808205197,0.6539638734938824,0.5342956439324902,-0.09181453574287046,0.4680474526789427,0.9875520138636853,-1.0272490757601094,-0.05013338162396913,-0.5288387801748509,1.5742963676434432,0.2994699936770453,-0.10618954048203866,-1.1283671686067684,1.2903781454758652,1.8096456564629197,-1.4876714788905199,0.44671893501845417,1.486804797410438,-0.08577093993860435,0.09872347638101053,0.45514426125292795,0.8452040431346095,-0.5341113358730623,0.755412707355498,-1.3491604722436459,1.6279114420007008,-0.2515799477511594,-0.5665647531310105,-0.5326353056410285,-0.9094113076984995,0.5445198473158301,0.13793961815757572,0.045914468445459655,-0.10773982282012251,-0.012912011874424978,-0.0699210094839231,0.11851574835328366,0.17666331281826658,0.042849616953253844,-1.5809904473817162,-0.2173470460527065,0.06321641821908092,-0.3222360077668283,-1.2750476089701384,-0.05301656335395444,0.9561793943861834,0.24233427496015209,-1.2187472965973234,-0.7597278686409301,0.1364764300323793,0.2642858967379667,0.7989271302079631,-1.1474891605141966,0.40806182405147057,0.6730628109504415,0.013128295957631375,-0.46219781272976496,0.4627876409214028,0.5995442517654301,0.6965300381951149,0.7656814400947809,-0.4094264895852444,-2.1389899114746855,0.20924208338705425,-0.48432601571650896,2.796393995262786,0.4839804496742402,0.68373497588777,-0.41267997441048204
numHidden 	8
numGenes 	75
minGene 	-1.0
maxGene 	1.0
popSize 	100
maxEvaluations 	20000
mutateRate 	0.1
mutateChange 	0.3
seed 	1554483291508
random 	java.util.Random@1f17ae12
neuralNetworkClass 	class coursework.ExampleEvolutionaryAlgorithm
Training Set Training
Fitness 0.015129903370808185