0.09863274296610658,-0.6776206775478869,0.6255081048365623,1.0302990766948776,-0.6833013276496567,1.5719400446192855,-0.8721448999872299,-0.6764094602550942,0.9103589045668594,-2.6328403928870094,-0.01044839813158488,0.28876222689278,-0.479633481600021,-0.9585437452158994,-0.5070649698450214,0.9091601634586379,0.6229565589128887,-0.6627261438590979,-0.8650943384353729,1.8698895357739578,0.917234125752441,0.40485180993780895,-0.5317110517938074,0.033510901322672426,0.9944556889275029,-1.2214654296573983,-1.2304824623202153,-1.3151850733566806,-0.36570373940512485,-0.8874972454681549,-0.22282358584627548,0.9866316876824941,-0.7088999215464279,0.26443963759709904,-0.1730020114106694,-0.47447466229607493,-0.28269260529215245,0.6792035097697398,-1.1773303808114342,-0.3273622250239004,-0.13001719800615386,0.8786829081998166,-0.6299214293443651,0.04947796542836086,0.08961264198350405,0.3708663984557543,-0.20710866898917707,0.18418082692670246,0.8502830453270942,-0.0032141131398867318,0.35991787377508966,-0.7131071134652979,0.6530865058609586,-1.264871733480539,-0.3842715091363102,-0.05043430461825371,-1.4923362504507123,1.1754159843654601,-1.4402577236303866,-0.6135027331867757,1.0394026876751823,-0.9687230826402728,-1.5555736192877008,-0.21106179493895688,-0.7224179630566276,0.07249801328826078,-1.1850991798690758,0.15353424392211823,-0.41564210467914675,-0.505666413154249,-0.35090203175062334,1.5143606518103823,0.3001442554235135,-0.2051693938661598,-0.2433269588653812
numHidden 	8
numGenes 	75
minGene 	-1.0
maxGene 	1.0
popSize 	100
maxEvaluations 	20000
mutateRate 	0.1
mutateChange 	0.3
seed 	1554482784216
random 	java.util.Random@1f17ae12
neuralNetworkClass 	class coursework.ExampleEvolutionaryAlgorithm
Training Set Training
Fitness 0.016561047923324166