-0.0977297963627693,0.2582307775557426,-1.0346963474312094,-0.10682002284181652,1.2996760882661031,0.6262255597370019,-1.6603743770160857,1.100055986351509,2.036499804215457,-1.1813033510906037,0.3056122582402106,-0.3230600623339448,-0.7862127173551328,0.42079096677507183,-0.3043486089991945,-0.31753090350100366,0.3195885989370289,0.456968415445985,-2.0046756737499885,-0.5946023094031201,1.5366055603531388,0.07904398529808165,0.14561043432355258,0.6889079344613369,0.02235995531094137,-0.21368273915242125,-9.456068967749753E-4,0.007798184946879005,-1.0849039131266782,1.8021058381069794,0.6008596464456981,1.213956212933942,0.3578683614852885,0.7682671474023437,-0.43545755481870585,0.42486728402736756,-1.6007029702119375,0.0492383199515638,-0.5642973948580443,1.097690152162857,0.6907029266701235,-0.2613840588897018,8.812131777021781E-4,-0.37029339288009805,1.4131800950871398,0.028333034387945877,0.39041813174686185,-0.6115315069664564,0.5949501638316266,-0.45630243019675437,1.267378510221961,0.5736036204435384,1.2252705033832099,-0.9916013724200881,-1.2259724630662776,0.5481649983991206,0.5222645390438219,0.1999207412019407,0.4881246611038042,-0.1609827682332382,-0.021214953742717202,-0.4756435274207545,-0.027867914964169627,0.06749357502516218,0.3210800524851019,0.768394149377466,0.4976053340782465,0.04617981674683924,0.07889246841391306,0.944459288384168,-1.0387664866537625,1.3857134529237802,-0.3492520964746972,0.5656916004968215,-0.43658541151647934
numHidden 	8
numGenes 	75
minGene 	-1.0
maxGene 	1.0
popSize 	100
maxEvaluations 	20000
mutateRate 	0.1
mutateChange 	0.3
seed 	1554483177398
random 	java.util.Random@1f17ae12
neuralNetworkClass 	class coursework.ExampleEvolutionaryAlgorithm
Training Set Training
Fitness 0.012835851616330099