0.8478004471458322,-0.9668329163072493,-0.7469778993887063,0.5613840687920744,1.4147894911552297,0.023013531487102834,-0.7965748479941526,0.138203487448797,-0.482823017119645,-0.37063527887613895,-0.22567626105281607,1.3912000767067372,-0.1710870555406237,-1.0275223330972332,-0.19090800374579703,-1.3646381244225496,-0.5141356832876864,-0.70220364856902,-1.244087988974374,0.26807421056132086,1.0801459225213759,-0.14480253860115289,-0.3432995207347012,0.1754916171036866,0.8936599755090031,-1.043620660543729,-2.154348361224321,0.5743357911390254,-0.6108018889355711,-0.6845955016919933,0.25532244104736596,1.0900308907884573,0.10282032191838669,0.9107934179916937,-0.35901655960458184,-1.0770699524179468,-0.2240447888373996,0.9310916807815222,-1.038565830759298,-0.031198994788081857,0.47630777658853557,-0.2797656860752085,0.39664482764039893,-0.06202078961997509,0.6483905650096642,-0.24311808289351605,-0.4822298005537821,0.31310373907098615,-0.5477537356103714,-0.09934590146842776,-0.19190929102934645,1.1979116324773442,1.3507156042086872,-0.328384892708324,0.525970774227317,0.92036298450628,-0.6204888199299459,-0.5697886723934904,-0.7465550333192806,0.9996245915382242,-1.5080199427255407,-1.4779169786792197,-0.5935110167901205,-0.02653851298324017,-0.07024983358561665,-1.0192644865312193,0.1192656910465093,0.3091079025057732,0.46620312636363936,-0.6952832467768284,0.2318173979383914,-0.7156249454002832,0.896357390161773,1.0008023123431438,0.35047045137382216
numHidden 	8
numGenes 	75
minGene 	-1.0
maxGene 	1.0
popSize 	100
maxEvaluations 	20000
mutateRate 	0.1
mutateChange 	0.3
seed 	1554482891975
random 	java.util.Random@1f17ae12
neuralNetworkClass 	class coursework.ExampleEvolutionaryAlgorithm
Training Set Training
Fitness 0.08590497946165841