-0.09532469329983861,3.883542360653995,1.6150077280595205,0.48047786483586385,-3.0517653646524643,0.6856232710603036,0.3949788661020712,2.9537821211084054,-2.7643917705317396,-1.7920922648441389,-2.006262581717909,-1.004241739306829,0.21461438901552965,-0.34890379728410537,1.5421691307839103,1.0784628268143692,-2.689056759742196,1.381212704727984,0.613630840161498,0.6835434988927926,-1.4464926346891602,-0.6362198712903679,-0.3232063438700514,1.0044972127107554,-1.0325359805779952,-0.5572296728312627,0.8718524443246858,0.4197585169520528,0.2295984492275751,1.3130216715775205,-0.12079466756353763,2.3987883120804385,-0.22978754253801825,1.4273973193137293,-0.12958930007814362,-0.7843568620336587,0.15141449858541178,-1.461407002620247,2.4066573012554393,-0.9816473681526492,1.3391167080269217,1.7278858766057175,0.6579964874893542,-1.630218959674057,-1.4129419783300927,0.16216285158755328,-0.32470098476273335,-1.3782142573017349,-0.2166970657598779,2.1969187238859726,-2.0477776825827108,1.3065832113726707,0.3904420495861176,1.1860350080162008,1.7884424271356132,-0.9300798348297059,-0.2778088045924536
numHidden 	6
numGenes 	57
minGene 	-1.0
maxGene 	1.0
popSize 	10
maxEvaluations 	20000
mutateRate 	0.2
mutateChange 	0.5
seed 	1554303267188
random 	java.util.Random@1f17ae12
neuralNetworkClass 	class coursework.ExampleEvolutionaryAlgorithm
Training Set Training
Fitness 0.013907036001133194