-1.7241694096407079,2.67826570428592,-0.023853937195153607,0.9140808309632757,-0.5625122583864912,-0.661974393611982,-1.4633337757373723,-1.641724138289686,1.9448548112834834,0.786724406255574,2.0552941437105976,-2.8262270751181404,-0.7231627608674109,3.939239063690012,-0.05580501549477246,-0.3117205331079207,-0.01682060503539673,1.783843102349727,-0.08262922138591411,-1.4983665026812008,-1.552947833830336,-1.0356472887371304,2.0031363706421716,0.11920943665215122,-0.2136367518472564,0.6476185584957534,-3.7152822284585945,1.021284344624851,0.09051892484363311,-0.6317313339425239,0.01490626568928577,-0.40872177513484487,-0.9452904863162384,3.2745914063244874,-0.2306198483841444,3.0933574798231263,-0.5391571324527527,1.1943634528412692,-2.282728845704911,1.831811304088049,-1.0372855524982574,-2.9011436152293775,-0.460170300080041,-3.437435619860615,2.279615775469119,-0.22686927714905014,-1.1550277136541611,2.793033390879007,1.2073075781561056,1.5265588338278975,0.3170330256685969,-0.31632264212724803,-1.480228152614498,-0.2383306476026339,1.0093224965765326,-0.47169764436580186,-2.024947479730102
numHidden 	6
numGenes 	57
minGene 	-1.0
maxGene 	1.0
popSize 	10
maxEvaluations 	20000
mutateRate 	0.2
mutateChange 	0.5
seed 	1554303390026
random 	java.util.Random@1f17ae12
neuralNetworkClass 	class coursework.ExampleEvolutionaryAlgorithm
Training Set Training
Fitness 0.011931116744299176