2.211630949620808,0.6272261935936874,3.057992622415071,0.7994461879037371,-0.8565908523170076,-1.3686072051288012,-0.42313386972015854,2.458524702681447,-0.22388265578511768,1.7723131655978268,-0.36632378118930164,1.3539347318915713,5.4603545028600085,0.1675466606718885,-0.7156889293238289,-1.7022698227328945,-0.6975413062366511,0.3066423541465364,0.4935864403846686,1.8712543232252907,0.15635685958421885,-0.5017920582899256,0.7825939869782192,3.3660957629932207,1.5893385670684403,-0.7986716317949893,-1.7569778198837984,-0.43662216220171124,-0.19232551264318887,0.15893495849301886,0.25917326121483786,-1.0117024396406404,-0.5816013388738765,-2.972616167070601,1.7008601616173464,0.26139774227060153,2.955917548998233,2.923465826598577,-1.0075506352185841,0.05344419611539486,0.2952704573662617,2.840520567253143,-0.005927575814727026,-1.123271671068897,-0.15170216366023914,-0.1881937980793913,-0.7424474730283903,1.00400383636261,-1.0954512635936462,-1.6962931626607558,0.799048859174891,-1.0593449002330597,-0.6640175815211273,0.6208208675582969,0.5342316768059991,1.5417121838874115,1.3161603784745468
numHidden 	6
numGenes 	57
minGene 	-1.0
maxGene 	1.0
popSize 	10
maxEvaluations 	20000
mutateRate 	0.2
mutateChange 	0.5
seed 	1554304061697
random 	java.util.Random@1f17ae12
neuralNetworkClass 	class coursework.ExampleEvolutionaryAlgorithm
Training Set Training
Fitness 0.10345105382124396