-1.177464718258674,-0.5384432559300896,2.025114943908913,1.390392431606967,-2.0188292441699796,-1.332216398938994,0.580725277202687,-1.4079986484920006,1.8477605473351635,-1.086485030984862,1.0338061847297393,0.7585619859443,-1.8364458488797213,0.8918375859401146,0.5194392587850389,-0.4893867279269184,-1.9265052963841007,-0.7865298139655508,0.9548766725532798,1.2153678886394628,2.5884578057609318,-2.8517061592053636,1.0932652926842796,1.5358304447386875,1.359992159042994,-0.31553425950599334,0.9362894927029883,0.499433207145501,-0.5297398226008605,0.0946298870225244,-0.4390296838927914,-1.7076940310650643,0.035578796286709125,-0.2524325984350335,0.04281019596860025,3.8153730433627526,-2.419835016287959,3.0149567709635834,-0.15307313850545534,-0.06895017003581305,0.857392972901146,1.2967427788487835,2.310772404144525,-4.215611151630687,2.5790734264017536,-0.5750597560164632,-0.34351337264995396,-1.8998964205431559,-2.141032436361041,1.5437176487852822,-0.9132240481345366,-0.9096277845717264,0.3387281439110852,-0.7016407870871946,-0.602696597451154,1.903685204867107,1.0824356123056182
numHidden 	6
numGenes 	57
minGene 	-1.0
maxGene 	1.0
popSize 	10
maxEvaluations 	20000
mutateRate 	0.2
mutateChange 	0.5
seed 	1554303508568
random 	java.util.Random@1f17ae12
neuralNetworkClass 	class coursework.ExampleEvolutionaryAlgorithm
Training Set Training
Fitness 0.012021863561713786