3.611278356539998,2.6735118633645194,-0.8284791723280738,-0.0203074903322209,0.6753714068856327,-0.6799870206106933,0.6461629319663817,-1.1969131322152697,0.494803890086541,-0.2937730837325163,-2.006583051359934,-0.9839733639011152,1.6871430958002624,2.366111529147237,-0.5495178078668919,-0.14713502393689493,0.533282565568566,-1.0465287407349486,-1.0299966581146347,-0.24743963906224398,-0.9007680316795963,1.1872854257147738,-1.605022935067114,-3.139727275967247,-0.13545328043463822,0.4912523527629924,-0.28130190420786194,-0.34173558070977106,-0.05172179980718594,-0.47365936436952416,1.2091020064375215,-0.7850635418123066,2.665904398318766,-0.21415740437308894,0.6006915842885265,-0.45721590804898526,0.3557782871402435,-0.5443731344948757,-0.9564403068505505,0.6205082852444157,-1.8187897863040725,-0.6620078259114746,0.5478526318812875,-0.23852681777728924,1.944377222896642,-0.014728207843677898,0.575177220543795,-1.2923911922191638,1.8707823586932846,-0.9944693646645897,-1.7750733666683443,-2.3010727911157103,1.7356609775632366,-2.296503348711525,-2.5283444866569584,0.8526615818987455,-2.0473995656952098
numHidden 	6
numGenes 	57
minGene 	-1.0
maxGene 	1.0
popSize 	10
maxEvaluations 	20000
mutateRate 	0.2
mutateChange 	0.5
seed 	1554303119308
random 	java.util.Random@1f17ae12
neuralNetworkClass 	class coursework.ExampleEvolutionaryAlgorithm
Training Set Training
Fitness 0.014229681843469896