-1.1812480698669638,1.0230759439274502,1.486081538614812,-2.175811944187266,-0.8564962198611459,-1.4370659749529358,2.5838904664266953,2.9803826898049293,-2.7293014602070036,1.9999488287829865,0.15899555852987302,-2.2591606446527113,0.9790761680622386,0.5239152424308811,0.9947740305115631,-1.3715089168821895,0.19895988648667262,-1.1625883394150334,0.4539507134090148,-0.14183373606796623,-1.0390330490863278,2.3442853337913796,-2.832059349907821,-0.6904933659029726,0.5977268826093918,-1.8958380662619412,-0.3208187539151619,-1.282888413570815,-1.147034284105985,1.4168090818426355,0.1449132748629005,0.6224027234721607,0.4761420309650546,0.40213749113251396,0.5906874462143981,-0.4192823423110601,-0.4740160318543347,-1.1755146736340332,3.5410170054701378,2.2340561299713473,-0.3529009930653171,1.2068518850318894,1.694632216209237,0.4874365799448137,-1.3330448405719886,-2.1579251535465307,1.6710977396890057,0.6832234387070786,-0.8116649465817944,-1.7553240050081786,-2.9968499863619282,0.3065476299558396,1.9172488937623755,-1.4470405982864525,-0.48037232008292285,0.9293229430532337,-0.1777748341028631
numHidden 	6
numGenes 	57
minGene 	-1.0
maxGene 	1.0
popSize 	10
maxEvaluations 	20000
mutateRate 	0.2
mutateChange 	0.5
seed 	1554302703510
random 	java.util.Random@1f17ae12
neuralNetworkClass 	class coursework.ExampleEvolutionaryAlgorithm
Training Set Training
Fitness 0.006089585855353021