-1.5471577039680229,0.48695975004963654,-0.8446097115443965,-2.3238578676762374,0.5764633821007383,-0.8533102303839635,-0.8609926223496616,-2.44987081857963,1.5365917304752308,0.5713485442862085,2.9557989837655674,1.5456514376366703,-3.306492799735669,2.1524164684665834,1.1142936189611423,-2.2792109777816525,2.8624354372572016,-0.27681464686395074,-2.719290492710014,-0.42420814792814343,1.6588554537654632,0.1792760022693609,-1.166134264467507,-1.733582629400627,-0.5808424874405413,1.9063938411558703,0.20836441864814592,0.05935140648305448,0.27141870320470196,-1.7277811296613808,0.6564758233928356,-0.36866538221546086,-0.31698256119262247,-1.1055946859831995,-1.6576379319565953,0.04994707454968261,-0.3737383822884124,1.4142443064915313,-0.4720226607851319,1.0728302286739133,-0.11984262522302314,-1.9143792019326238,-0.4818136303287026,1.2634545669384447,2.4258993197472605,-1.8685258710057255,2.003345700423364,-0.6546313814415645,2.395615915863468,-0.9749500006860676,-0.029204205586612186,-1.2968063870813966,-0.4016433792081273,-1.3791904441618876,0.9524142617475206,-0.012543623113290492,-0.22573904824653201
numHidden 	6
numGenes 	57
minGene 	-1.0
maxGene 	1.0
popSize 	10
maxEvaluations 	20000
mutateRate 	0.2
mutateChange 	0.5
seed 	1554302874612
random 	java.util.Random@1f17ae12
neuralNetworkClass 	class coursework.ExampleEvolutionaryAlgorithm
Training Set Training
Fitness 0.010200685462629908