-1.0912995353716217,-0.07632820414998503,0.2191930658777076,1.260693556149835,-1.86573772258057,1.1307876556644059,1.0237968867628278,-0.774440365280498,-0.711091698348331,1.6692300287089958,2.412578742729577,-2.5979022656570128,-0.11009512833592106,3.759662440806645,2.975052631990775,-0.8057224601061268,0.791169978841691,-1.4935390150535528,1.044674024795953,1.51928681638941,-1.0349580685433666,3.3501221681839715,0.7743176683022914,0.43378488226203993,-1.4919780128485356,-2.444271509832115,-1.6534862565621404,-0.6998386582957419,0.2283243612025213,-0.05173488528287007,0.3818885888071268,0.4759504574923753,-1.0003023698455982,-0.9914072984722677,1.4280773564235574,0.27851250749273104,-0.9396390117432182,-0.34113590628293733,0.11117673776706827,2.444876354365619,0.13394267666983767,0.6462998886755178,-1.7862715984166448,0.16501213254287894,0.5641747691189787,-0.05704070499538261,-0.2551056150586184,-0.8233127289489943,0.331706349505667,-1.2037361902219956,-2.5283734523150105,-0.12208301554970769,-0.43257254830282343,-2.3845817460569725,-0.31514957892290196,0.570316734357182,0.20932761314288506,3.2306095799309156,-1.9160549150858244,-2.3415861558859628,-1.806380974952659,3.4122472131920585,-0.8833408620173521,0.3317472805454332,-0.19339049932487462,0.6868709246493473,-0.6691246597073313,0.1434789915337284,0.6878305861271208,-0.4414463630708939,1.82147763276015,-1.3330343353704621,-0.7643525827013702,0.16381468006909028,1.6223102704997425
numHidden 	8
numGenes 	75
minGene 	-1.0
maxGene 	1.0
popSize 	100
maxEvaluations 	20000
mutateRate 	0.2
mutateChange 	0.5
seed 	1554487261685
random 	java.util.Random@1f17ae12
neuralNetworkClass 	class coursework.ExampleEvolutionaryAlgorithm
Training Set Training
Fitness 0.019009802194733347