0.7059245360382639,0.1636748881586928,-0.0372895403967079,-0.096360289796449,-1.1516630376806676,0.022729803069399868,-0.5893897070962298,-1.1025995512338955,0.7047564560865718,1.8318002337551818,-1.3531745857474884,1.469758838846964,-0.24646312041699137,-0.048765341647750704,1.18303054777842,-0.36091749385359934,-0.13070234860162383,-0.1307317653450784,2.5260099288424147,-1.7575811987134675,-1.0582443387679068,-2.124356439207868,-1.4868671017677133,-1.018761696059737,-2.1236834296378833,0.4131151563654678,2.040595096601247,1.7896537589734065,-0.3394959294184786,-1.167957100282356,1.8879818181547445,-2.4218114865936924,0.5542387360986972,0.23481489728397575,-0.40445797438037623,0.09265224847665898,0.8892096907745625,0.4391507508965848,0.2567569499414566,-0.8772907422883398,-1.0885962388318915,-0.04234811303864161,-0.029986680018326994,0.2892181156400675,0.3678001301719031,-0.4077723042640596,-0.5316438049914192,-0.46339279549674867,1.633210052972892,-0.24530862011669285,0.6756983030195551,-0.5630890995105338,1.5368438584874853,1.8350674144226782,3.4188900451275472,-0.9757003785387881,-0.16626732220896223,-1.5358726980415485,1.4404831123381583,1.0026602564493299,-0.14767330292398062,1.0173922323377973,-0.4249652456049326,-0.41815080367248614,-0.6442215004839316,-1.1902232332870841,-0.011205340746320347,1.9986384551186862,0.8643541296427671,-1.9095852363107206,0.8944597372971793,-1.606222656406803,-0.020067897140984003,-0.3448777324117282,-0.4912832645169032
numHidden 	8
numGenes 	75
minGene 	-1.0
maxGene 	1.0
popSize 	100
maxEvaluations 	20000
mutateRate 	0.2
mutateChange 	0.5
seed 	1554487490489
random 	java.util.Random@1f17ae12
neuralNetworkClass 	class coursework.ExampleEvolutionaryAlgorithm
Training Set Training
Fitness 0.01328467772401905