-0.15265504538184405,1.4384147726910599,4.277016092784469,0.6266118569579969,-0.8998636673747916,-2.6625901314309095,-0.7262492565997998,1.2651550503486972,-2.0222833393277395,-2.102793244858054,-1.0095087401720877,0.5818632779602358,-0.1399170660719521,0.6406250668583469,2.857758041586571,-0.11825836085711888,0.028994348051357033,0.8549240364873081,2.0101795332218453,0.09824518823122519,-0.8518767763372657,-2.261913173631078,-0.4159272023424718,0.4313525500534816,-0.48946712939528814,0.867356545255453,1.3434034474401133,3.368680732538926,-0.3032888816985044,-0.8859980109550536,3.3306770656102773,-1.941267016131349,-0.218210655329672,0.8230548995135452,-0.778207779227803,1.148445000907452,-0.7660549499170219,1.0571910306278216,0.4135096122044944,-2.811313216401442,0.836380722244933,0.9292535208962102,0.4465084844904581,-0.0029177903967219643,0.28252512404534724,0.2960351531404166,0.230952773917935,-0.3784042126705486,-0.4843086349709537,-0.44180888327139706,-0.6759221884683336,0.10428896851673641,0.6062082934629445,0.10648036357181478,1.7898920971307704,-2.567379834148162,0.759165003568043,1.0018421802705784,3.007763577986527,2.661087254124172,-0.25328234018232293,2.334788830959785,-0.2233992314913542,-1.864974413224105,0.02631750215191031,-1.1086100323775991,-2.3566084854989184,-0.25998193416925064,3.780081285763871,-0.48366057158705283,-0.08679188690472828,0.05438529815911325,0.4211759228110124,-0.1866389975889714,-0.7131634954597725
numHidden 	8
numGenes 	75
minGene 	-1.0
maxGene 	1.0
popSize 	100
maxEvaluations 	20000
mutateRate 	0.2
mutateChange 	0.5
seed 	1554487687726
random 	java.util.Random@1f17ae12
neuralNetworkClass 	class coursework.ExampleEvolutionaryAlgorithm
Training Set Training
Fitness 0.015187711531368558