0.5529835340921725,0.17496177278309266,-0.3202258410075768,-0.8327241404880075,0.9929677727331423,-0.14284243158802956,-0.9051670646676899,-0.1291049430193102,1.9118544662990595,-0.13903889937942604,-0.4087873965814126,1.4467272721952322,0.5828986328900236,-0.35615522248100595,0.7409678784519944,-0.25858730175406613,0.7786844590113484,0.7149351492950056,2.7206613314258954,-1.0911231126450622,-0.3759704050416811,-0.5933136713663546,-2.466543318547841,-1.392207778647867,0.052488072996612845,-0.3567504712022479,-0.1272580604887762,4.060506829850221,-0.23431503743448906,-1.3497709207852129,-0.42988362183160156,1.056174789308805,-0.8946855666021132,-2.1930984331673806,-0.6536969830707063,0.9682194838366015,0.99220876911928,-0.5154657712375377,-1.389908379497444,1.1406090160956506,-0.032002069669780586,-0.4221734343037175,-0.1036927489156102,-0.0989206847883512,0.4589689441853123,-0.9481403045331525,0.12263460873372001,-0.16855118308100758,2.2655764034410844,-0.5632399810195944,0.8498101404671241,-0.21971356340538806,2.080774492918291,0.14571841203077907,1.4404146846624153,-1.0129590091406615,-1.7456198292235694,-2.9422696844210847,1.345282681622649,3.116586286131101,0.6432174403318319,-0.46430469258514684,-2.0404734345696927,0.2858817808379591,-0.1428375570791267,-0.6663560996529113,-1.423148659205897,2.0932251499914467,-1.541182915386291,-0.06280469301275599,1.343843932245287,-1.2299764552222827,0.1588279800000414,-0.10925030036863337,0.30085053344012314
numHidden 	8
numGenes 	75
minGene 	-1.0
maxGene 	1.0
popSize 	100
maxEvaluations 	20000
mutateRate 	0.2
mutateChange 	0.5
seed 	1554487814340
random 	java.util.Random@1f17ae12
neuralNetworkClass 	class coursework.ExampleEvolutionaryAlgorithm
Training Set Training
Fitness 0.011434439124416024