2.5268304316872925,-1.8467655511633037,0.9150043556434166,0.9285050528579624,2.155521188980768,-1.3061698905431236,-0.49157409227290483,-1.6078526875423458,2.162586819900903,2.528205248586234,2.041282347307382,-0.9217532600486029,1.5601434780056396,-2.4298220600987683,2.0514945837067042,-0.7688414174465805,0.6217235607697136,-2.764451037456639,2.5402959067924717,3.1648329348920363,-1.2662405513506274,2.1732141407140393,-2.8594629316580336,-0.7524542074784781,0.5142891591973466,2.9301905361435416,-1.9143874923888882,-2.45037881405457,-0.09466243217068548,-0.046506476852685275,-0.280193293625405,0.6304820253928658,-1.1313108856869984,-0.041822906615319067,3.484519863585313,1.4749868352183437,3.1506353721999734,-0.28742545324814417,-2.880512756155371,-2.665556147310446,-0.6700601534807022,2.077521626682623,1.5331493362266162,-2.631195910530551,2.5413618530430613,2.37722138372321,2.620849181850824,-0.544386842026225
numHidden 	5
numGenes 	48
minGene 	-3.0
maxGene 	3.0
popSize 	200
maxEvaluations 	20000
mutateRate 	0.01
mutateChange 	0.5
seed 	1554475202708
random 	java.util.Random@1f17ae12
neuralNetworkClass 	class coursework.ExampleEvolutionaryAlgorithm
Training Set Training
Fitness 0.020567357883314284