0.1818641426519072,1.7390832065283828,2.7971882532313774,-2.4347395471144813,-1.3930453846132616,1.3259472226891713,-1.998015324313745,-2.9390307850949746,-2.7314318546925467,-2.6136396754879963,0.32652940774398864,-0.1496649255515523,2.7364858379240085,-2.889063151522933,0.8075228268762364,2.8551296486771793,0.8171458335849797,1.1106027304848674,0.1409109178961443,-0.8950559787331651,-2.007979466263186,3.2581987008647975,0.7985772821562112,0.5998432418371591,2.9862121720220163,1.1893915258285208,-2.200929732759451,1.413168035769747,-0.1478897566341688,-0.42613754588556496,-2.8907096221944943,-1.148750513196234,2.8699685642994623,-0.30380994846283604,-2.2405345142165753,-1.081753227296809,2.9853197018741007,-1.654520359940281,-0.46158575793211654,-2.4642314081338474,-1.6248137166534484,-0.19259831678187922,1.0336477065903846,-1.2761501008494793,-2.5580355717897643,-0.6716063659741973,1.832506366746089,-2.05270605069824
numHidden 	5
numGenes 	48
minGene 	-3.0
maxGene 	3.0
popSize 	200
maxEvaluations 	20000
mutateRate 	0.01
mutateChange 	0.5
seed 	1554475426449
random 	java.util.Random@1f17ae12
neuralNetworkClass 	class coursework.ExampleEvolutionaryAlgorithm
Training Set Training
Fitness 0.08391368411140647