1.922299703258079,2.387281519620241,-1.3612503105482434,0.5273151318849392,-0.984814312411352,-2.6152685858586175,0.761395109481886,-1.9483401923630033,-1.694558454777618,-2.344281524919084,-0.006028264233057357,2.874521936776966,-2.352478662914033,0.8600217868717968,-1.21279875570393,-0.8776442423221344,-2.393013398679017,-2.823134964871993,-2.8537875122558214,-1.7745543566288693,0.1518326309574154,-1.772933928340561,0.6423197385863242,2.4244483631096188,2.6733803474442466,1.5307300972585072,-0.40612186949097895,-2.798277817005994,-0.4895899935606014,0.09078356455595848,2.4061248991617905,-0.0908168086584542,-2.177174813099904,-2.3258415287443417,-3.033279807883587,1.8400841321667158,-2.4543884458457614,0.21537524696084276,-2.170514858437968,0.6228143610165304,-1.0428721972701656,-2.705845449607847,0.6679047975165595,1.8943320423755061,-2.8382781922323304,2.528222609620113,-0.4253664280697036,0.6538152848654906
numHidden 	5
numGenes 	48
minGene 	-3.0
maxGene 	3.0
popSize 	200
maxEvaluations 	20000
mutateRate 	0.01
mutateChange 	0.5
seed 	1554475132297
random 	java.util.Random@1f17ae12
neuralNetworkClass 	class coursework.ExampleEvolutionaryAlgorithm
Training Set Training
Fitness 0.09783410611371195