-0.5917592499041147,3.2496811473652816,1.8520493347414568,-2.7354912901571398,-2.202955942544115,1.5576465941166724,2.3687614185628556,1.7053024222344604,-1.630155317357925,1.7395709407901236,-1.5161970737206307,2.5654347044034758,1.3089315091993505,-3.3726752258370727,-0.4837962407012073,1.9179884055308376,-2.5936379012362494,1.2665342382266376,-1.7077883806949317,2.452209395195469,-0.49544094178669873,-2.78252865074358,-0.04726774771158482,0.5135149864568596,0.40091775497939164,0.4477512361080982,0.6057341928389954,0.043886518543629016,-1.2396504943558173,-2.219197091096647,-1.6024688132844906,0.21713879239974698,2.833199011837113,1.6854013191750017,-2.0419682580098257,-0.6900300755818436,3.3110830787363748,-2.0024721577257347,0.3859012320176971,-1.2262894377716482,0.20368555457308535,-0.869574155004873,1.62775521181731,1.7058958410111202,0.5756457971696083,0.33621629182035573,2.5437951407163713,-1.1982016061676468
numHidden 	5
numGenes 	48
minGene 	-3.0
maxGene 	3.0
popSize 	200
maxEvaluations 	20000
mutateRate 	0.01
mutateChange 	0.5
seed 	1554475503297
random 	java.util.Random@1f17ae12
neuralNetworkClass 	class coursework.ExampleEvolutionaryAlgorithm
Training Set Training
Fitness 0.013413432354460016