2.493912965983262,2.282275040625713,1.1775111285056505,2.626110069291377,-2.7874538491916647,2.862662525702752,-1.0989832618132922,1.1681893787204007,-3.2791446961604804,0.5358795910881682,1.8336967660671188,-0.7532511140530858,1.9331040366922778,0.8373889788739683,-0.9727582891666096,-0.37199196446848326,1.429526469250046,1.7880573005358658,-2.333856883633241,1.8752241374555307,-3.2656253121763514,0.4182435961484341,0.35890669921295926,2.001380592691163,-0.9289070062456384,-0.13430246855441652,-1.3357059766456563,0.7449373325060478,1.1371848851439754,0.2554537539239412,-2.6502036669342726,-2.7661413689585572,2.74588866996402,1.2486726715159584,0.4243254555283853,0.4492066715339975,-2.1791501019994435,-1.12509825538202,0.15772014367820608,1.484699831364189,0.22794444415501047,-1.3300243140801686,-1.811585365018964,2.8760703512522356,2.135721415350665,2.1393792616117056,1.023254492320408,2.5440096295723427
numHidden 	5
numGenes 	48
minGene 	-3.0
maxGene 	3.0
popSize 	200
maxEvaluations 	20000
mutateRate 	0.01
mutateChange 	0.5
seed 	1554475726451
random 	java.util.Random@1f17ae12
neuralNetworkClass 	class coursework.ExampleEvolutionaryAlgorithm
Training Set Training
Fitness 0.08458139554670956