1.1269462772554641,0.8448713882307097,1.503428255749311,-0.8727067304207061,-1.0620426185924265,1.326477122453114,-1.717357595848232,-2.8768768726144893,-0.04242804000317868,-0.4163779825203502,0.3980647405129156,0.5807346340169328,2.770251114445772,0.03017473183828434,-0.7121614306873219,1.8100170970886555,-1.9861128247010074,0.06273079485526889,-0.8085021683287161,-1.2004571985005497,-2.375768036732306,-1.0085788337422024,0.420850615936299,2.0826105934958186,2.2298661972524707,0.955088079983395,0.779022188423923,1.9694163358488908,-0.85625809629965,2.722754622081185,-0.7829008558128878,-2.207631433039166,2.820625117223912,-0.3026978622251435,-1.6866506211977204,-1.799188624519979,1.4022910071085102,-0.7315999125567174,-0.00994453503959214,-2.228928548223014,2.7212117987333535,-1.0481612750410136,0.8314487027980935,2.203832558286763,0.3966262122281603,0.38987146759066116,2.5493641208478195,-0.8372581750437904
numHidden 	5
numGenes 	48
minGene 	-3.0
maxGene 	3.0
popSize 	200
maxEvaluations 	20000
mutateRate 	0.01
mutateChange 	0.5
seed 	1554475807610
random 	java.util.Random@1f17ae12
neuralNetworkClass 	class coursework.ExampleEvolutionaryAlgorithm
Training Set Training
Fitness 0.10682438026245279