-0.11605857382052209,0.6740511401461322,2.571628530786153,0.9894402229633236,-0.3290239704670833,0.3820344238363361,-1.0117304252461734,3.0007875981139205,1.0491656126180215,2.89608483557292,-0.8305755676938824,-0.6971914576176801,-1.66536047744302,-1.3650539027045068,-0.2746206842855161,0.9703416653539333,-0.055193188646405655,-0.8131486726633754,3.293094282450913,0.5727555287267262,0.13064196575948994,0.019353021368223977,-1.9663795023733353,2.114022601642806,-0.7263997759798906,2.18783437572174,2.7642785099594134,1.308425832347437,-1.3350541656224733,-0.6123253582402128,-1.473178300936603,0.7300773473896822,-1.5114207466022966,0.33528063568877864,0.5826427858643191,1.7419019805563334,-1.2894864485223065,1.263698528532518,3.0128909155647747,2.173034583291126,-0.3812438987021324,-0.37038101341888585,-0.17199347204355958,0.722187858613657,-2.3939283061999177,-1.487260336211175,-4.334432324091021,0.8556966382152522,-4.217688367890563,-0.10397512550772414,1.4572648328390516,0.07063173816267254,0.7726874015087566,2.989130079639142,4.236277579828751,-3.7904455021987697,0.4346385272987887,-1.3750238987128562,1.0763899008683344,0.2239396876752579,0.2837669296176103,0.9534738202830574,0.38788304895765247,-1.5606367728662802,-0.851651136628014,-0.8342083981788411,0.7363887630207666,0.874056634527186,0.5509339536309835,-1.6270846475987577,-0.6245671781205187,2.088761861932098,0.7051761868620943,0.22439385175467885,-0.1356561634302697
numHidden 	8
numGenes 	75
minGene 	-1.0
maxGene 	1.0
popSize 	100
maxEvaluations 	20000
mutateRate 	0.2
mutateChange 	0.5
seed 	1554389453556
random 	java.util.Random@1f17ae12
neuralNetworkClass 	class coursework.ExampleEvolutionaryAlgorithm
Training Set Training
Fitness 0.011712020613806102