-0.31335832086737114,1.0356370758166422,1.1572596193723494,-0.6602563115076113,-0.8728719784231881,1.475260499372353,0.6060965226388214,-0.23093847622813352,0.6727976878774532,0.2838981464453805,0.4045130420195819,-2.0031066924975276,0.48596977822177995,2.938430267890252,0.42406565675689956,-1.6123775245862508,-0.7248918135012226,4.17759705522023,2.8333572764217276,-0.6124992795494187,0.05459541906563431,0.49979013166237835,1.8925643727357833,-0.24406282947525593,1.03127439743532,0.6611883684061244,-0.6117534692345512,-3.535691229966795,2.349533347604992,-0.4523597684696544,-1.0724784947222132,-0.47734723194452805,0.4719296533305208,-0.20851183539008794,2.868716254316543,0.14353692659950468,1.7161646018054055,-1.682955980899843,-1.3774189183279009,-0.789534340554918,0.18481996248463306,-0.5889990481566569,-1.7324523955252986,0.028550892305642117,-0.26018972989010175,-1.4163491969826703,1.4803164108240392,1.102096269245594,-1.8320871128821605,1.2370494784080097,-0.8555424835835563,1.9524183636948773,-1.1300183148658451,-1.536255652022764,0.7797369161470878,-1.369942700805462,1.2307089690790531,-1.0967675685476868,0.27563366824001956,-5.176881805394785,-0.030135229114802042,2.188217344340917,2.0206065334074026,0.8387971912172645,0.4821556330540745,1.1510545494296922,0.49892416603642276,-3.775931672803191,-0.25000125387750605,0.6478667419315994,1.0451010467461808,0.5158717261497331,1.643236178191706,0.24153493177013147,1.6240839456751264
numHidden 	8
numGenes 	75
minGene 	-1.0
maxGene 	1.0
popSize 	100
maxEvaluations 	20000
mutateRate 	0.2
mutateChange 	0.5
seed 	1554390459526
random 	java.util.Random@1f17ae12
neuralNetworkClass 	class coursework.ExampleEvolutionaryAlgorithm
Training Set Training
Fitness 0.011370417389489471