-0.9112647020072273,-0.6099367978302394,-1.2463849784748673,0.2448728022969754,2.4445891293532953,-0.0024751639962090066,-1.5694455355131824,-0.38837750977195434,1.981620151925978,3.9463399081628916,2.2124902443568404,-3.172411000190405,-0.31141027189270476,0.02344073810002595,-2.870860485541999,2.1279858708509685,-1.317184660950331,2.0481713137765096,1.7257895116392223,0.8982119278057825,1.8563605845232665,0.2807743867856157,-0.6483871238108222,2.909736026864481,0.2741904560276982,-3.3112966748690016,-2.826107679808113,-2.5343006578271625,-0.4846218441716747,0.9068173284093288,-4.002941028373884,1.1782812072514046,-1.6471963508887806,0.17131125919961987,0.5498545146347109,0.1382081372622861,-0.8901157723572704,1.3795411911770716,0.2280164579460754,-1.543322865681866,0.37495135544757163,0.8520618566553316,-0.13681576417629288,0.4310582259671709,0.13360026612263798,-1.530331967898606,-0.2960892393407307,1.4064845828404038,-1.1112937608213742,0.7914878354223162,-0.49688221598036475,-3.0997789338516153,0.7645303104519059,0.7055624385551393,0.9572963541070201,-1.9562454702126217,0.6527180876854456,3.4025999898472623,-1.9595648856957495,-1.4149275462096935,-0.10168737403574046,-2.2995843447601874,0.14895201282692222,1.007395776352638,0.49483786371475025,0.40226433590364735,-2.230078748194632,1.8731602643254446,-3.6334092777300295,0.8748450577262789,-0.6229978577549355,-1.4078338856195982,0.2786617349420776,1.6439744031631909,0.586986386117833
numHidden 	8
numGenes 	75
minGene 	-1.0
maxGene 	1.0
popSize 	100
maxEvaluations 	20000
mutateRate 	0.2
mutateChange 	0.5
seed 	1554389606850
random 	java.util.Random@1f17ae12
neuralNetworkClass 	class coursework.ExampleEvolutionaryAlgorithm
Training Set Training
Fitness 0.008103762461980128