1.492838171094668,0.6810990560167429,-2.8552229914942915,1.2956987689019264,2.5674566745529575,-2.1142588716056823,-1.7164515525212591,1.8688123752430972,-0.9936087867261101,-2.726023223532596,-1.177349142362945,-1.4951479962994778,0.4928807223010726,-1.2583918696378693,-0.3012850710732953,2.660460065590024,-1.744106040272018,-1.0968411042032171,-2.0873649416124023,0.3736536320575361,1.6180929807069453,-2.299822427094341,-0.1859743929598301,1.3908295718125032,0.5373325760260671,-2.9177362767687565,-1.6229491765459754,-1.0586865809246369,2.2890055770054287,2.4854614194467857,0.7295773750620569,1.8667698183997397,-3.4320085510611653,-0.14142596422604903,-1.5106252583791508,0.2869418170929734,-0.7954395481118491,3.821160567399841,1.681480571694776,0.33883988808508503,0.14032688507337332,0.5629404855557084,1.3126776015279285,-1.5501221594524548,0.9073936456144842,0.1172444041087996,-1.5813366702941274,1.4739627902119774,-1.3733054697823612,1.8122868899229048,0.7438837024118023,-0.7508612290880914,-0.8523058038573277,-3.7985470806287345,-4.333400910309918,-0.0011257232534027661,-1.0498580345592026,0.2954936626305972,-2.105612464968308,-1.100939067861316,1.7918584193549707,-0.8581940023489552,0.20415058775426576,-1.0091917997530186,1.945093857279903,0.4978849544969229,-1.7736457100119645,2.360489323444684,1.0428647457873843,-2.2867771535491292,-0.439815457597243,0.08831607225084137,3.0450143964147247,0.9602229878214621,2.254496658183099
numHidden 	8
numGenes 	75
minGene 	-1.0
maxGene 	1.0
popSize 	100
maxEvaluations 	20000
mutateRate 	0.2
mutateChange 	0.5
seed 	1554390593230
random 	java.util.Random@1f17ae12
neuralNetworkClass 	class coursework.ExampleEvolutionaryAlgorithm
Training Set Training
Fitness 0.01134023314123503