-0.52485487690301,-1.3724336119313567,2.354827993367911,1.4407710179978062,1.431161069708295,0.958251711602615,0.10019056987610592,0.507905153944888,-1.9483412859660731,2.119129246096369,0.5931381929799073,-1.017774407208543,0.5422958467798408,-0.16473177254050253,-1.3117443695629112,-2.016337023919966,-1.9162813259104046,-0.0528280165571553,3.250771552965816,0.7229523074466777,-1.1684212953594657,1.3579463282539124,-0.10794347771728896,-2.0234011859397194,0.06663738784024775,3.9103891778336184,-1.6505859342050213,-3.0858384887291126,-2.523892598013574,0.27740932614638153,0.3811214066516774,-1.8198387528279505,0.18334334637955746,-0.7288843312518287,0.5676762624080004,-1.08546220099728,-2.058492502182114,-1.110191328353519,2.032962673397786,-0.015103671077159264,0.5583698657795456,-1.6944468961886043,-0.07726379708580244,0.5684010742172881,2.259660093769524,-0.588637167395141,-1.38504532468879,-0.28195457269983343,-0.7446676729873769,2.6874081713239297,-1.303544934290934,1.7516716282922342,0.1734835610876232,-0.5315537777587377,2.033167568590933,-2.831539984985996,-1.4632684743889206,1.2412324276772182,-3.086755775412322,-4.221444381983367,-0.44181989833100077,-1.2239052774086918,-0.3880389942148319,-0.2845945973618625,-1.2035948290689276,0.2052476567619259,-0.5017059090553408,1.4004135070459105,-1.9552708267694174,-2.5576642513609973,0.7481711277799483,-2.3126717038512985,0.41258720724160647,1.312187934511805,0.0752911230901111
numHidden 	8
numGenes 	75
minGene 	-1.0
maxGene 	1.0
popSize 	100
maxEvaluations 	20000
mutateRate 	0.2
mutateChange 	0.5
seed 	1554390054161
random 	java.util.Random@1f17ae12
neuralNetworkClass 	class coursework.ExampleEvolutionaryAlgorithm
Training Set Training
Fitness 0.009959069224265467