-0.08862810511079855,-0.3590995947906688,0.8821614400977289,0.6629611693879506,-3.4946363379488288,-0.5658320922182152,-2.906835723971539,-1.1330059934561079,1.115271733681237,-1.3435843121135327,0.1273470008230213,0.22798621458754298,-0.6678849331413822,-0.859735146621134,0.5753580617301375,0.26317859168101054,-0.41873747125477345,-2.7786381979745975,0.45801250320716774,1.8827010655816079,3.1487836153520625,-1.8128397148802025,-0.37896995282989776,1.0748738252079664,-0.09822520921737043,-0.4288069411611686,0.05324658608634503,-0.33647817734768737,0.021333551494593705,0.31756230298447385,1.7157230738913212,0.14265260505474053,0.22525892826994998,0.42065155496096207,-0.2064974135167883,0.3712240417463795,0.35453771461595096,0.11700274799475835,-0.11080480134028814,0.4474069556496018,0.7195206990397622,-0.06869960343343673,0.2932179044232882,-1.4711404131546781,1.1895390078137074,0.761547612811568,-0.24631453741798415,-3.104852243772934,-2.3772348063985262,1.5203709669642143,0.7484019356540133,-1.5711979125381104,1.3814595990871785,0.4694108307080742,-0.6056699537151933,0.09556168836476342,0.8674862410845177
numHidden 	6
numGenes 	57
minGene 	-1.0
maxGene 	1.0
popSize 	100
maxEvaluations 	20000
mutateRate 	0.1
mutateChange 	0.5
seed 	1554387534409
random 	java.util.Random@1f17ae12
neuralNetworkClass 	class coursework.ExampleEvolutionaryAlgorithm
Training Set Training
Fitness 0.017031710866130704