-0.22706888809827375,0.6775284797399697,2.5719375172777346,-2.941092404110246,0.27138648641229923,0.4216086369285662,-0.8991806297894285,-2.5813487961092605,0.8897900672137373,1.1179675869984311,-0.38748254062186677,-1.0586687047355414,-1.4451871865033812,-0.43307941934785876,0.7450298455495323,-2.5998824399698384,0.3871294137584433,-0.8168197782299473,0.33471914454276985,-2.4426908349233205,-1.3436223561984484,1.1064333742096433,-0.9198333809441928,1.1314510707468295,1.674127220810992,-1.2621421916351303,-0.19528923552902278,-0.5446668042760936,1.197640338561706,-0.5275268153473659,0.8910215917434177,-0.17511498574935402,0.4940009067382616,0.12137829038758152,-1.5792016281888994,3.199234643968922,-0.11345989393260392,-0.6532762006710954,0.04271195562488411,0.44394648138535786,0.9168848647453646,-1.7994631683159954,1.2177299706653375,-0.45367084656513246,0.1011514346483009,-0.8460024422454605,1.307732914223191,-0.16634227508523863,0.9137804132907286,0.276455271245276,-1.9453612443474482,-0.10205844280187315,-0.19720182513125506,-0.24410159046442204,0.40084643679225307,0.9195782429793214,-2.000341153780755
numHidden 	6
numGenes 	57
minGene 	-1.0
maxGene 	1.0
popSize 	100
maxEvaluations 	20000
mutateRate 	0.1
mutateChange 	0.5
seed 	1554387041261
random 	java.util.Random@1f17ae12
neuralNetworkClass 	class coursework.ExampleEvolutionaryAlgorithm
Training Set Training
Fitness 0.029773395660575748