-0.4772680762623127,-0.7592539824444648,0.7269983188441582,-0.585306542422354,-0.20821517783962862,-1.5205596698696588,1.8707013429213144,1.2051993357968365,0.5356252063814343,0.2569764487174505,0.10550172158306287,-0.8467452916764614,0.2767020693902056,-1.3743643267382681,-0.024119964140088213,-0.8437829177267901,-1.3564396029095143,-1.3005014627513987,0.7124634643301806,1.8855869386927315,0.46100633027345306,-0.11029921937757381,0.5589431415253727,-2.836598284893916,-0.8646238969845372,0.615522246371542,-0.14683341225146918,0.5403735261443245,0.5202441155848397,-0.29428887800387105,-0.9566144035478308,-0.24507490803542176,1.9322687724533467,2.954718320955772,1.9296287480353365,-0.5997444818670739,0.8180486634973443,1.0004952233486708,0.5540062657183384,-1.5991247591216886,1.8443709200936933,1.1906115700966304,-0.8154305758810483,1.0510915274281745,0.10094754629270264,-0.5118969864884839,-0.016002138524935317,-2.441236647464857,0.11495459959527032,1.2645990091495978,0.8293988655038698,-1.2121780326816922,0.23333141809128283,-2.314339258855912,0.6866225352152802,-1.2144108981281059,0.884738297098918
numHidden 	6
numGenes 	57
minGene 	-1.0
maxGene 	1.0
popSize 	100
maxEvaluations 	20000
mutateRate 	0.1
mutateChange 	0.5
seed 	1554386935088
random 	java.util.Random@1f17ae12
neuralNetworkClass 	class coursework.ExampleEvolutionaryAlgorithm
Training Set Training
Fitness 0.015192080629957817