-1.4541478494069398,0.4723189609184398,-0.48022389839398283,-0.3193833296286256,-0.27870727090857783,0.6779875002620626,-1.009544981069436,-1.0267095563191768,-0.35238689182817984,0.37638547677254414,1.2859806036554238,-0.8684059561412519,0.08446441421179296,-0.08694681085703415,-0.7815844377105663,-0.9040535403243459,0.14032858494717693,0.023602397297754707,-1.3043169367571386,-0.1202182835187241,-0.9067421183473687,-1.0611792992978033,2.7480133113927017,0.28827490568956543,0.010106102357884117,0.5785866771595078,-0.004343833688922549,-0.5168534579271298,0.5157994808759806,-0.11664516841487416,-0.16077358815618115,-1.8756270208647745,1.0436983600159442,-0.03344433777088485,-0.05047734605272969,-0.8762731698000545,-0.5074097065617247,-0.6770448452925177,0.5938947627984844,0.25111962969046325,2.013412882162188,-0.4053123267624345,0.6464078764666157,1.56167973937512,-0.952537049002083,-0.17429940044249687,0.03304937883486009,0.539186512251058,0.39206111338052857,1.7211943167236508,1.3069796705563892,-0.28266722210690154,-0.39417215911070597,0.6327434919766196,-0.23899724475993778,1.112920719564284,0.7511089867562992
numHidden 	6
numGenes 	57
minGene 	-1.0
maxGene 	1.0
popSize 	100
maxEvaluations 	20000
mutateRate 	0.1
mutateChange 	0.5
seed 	1554387667632
random 	java.util.Random@1f17ae12
neuralNetworkClass 	class coursework.ExampleEvolutionaryAlgorithm
Training Set Training
Fitness 0.10531540173137106