3.271429808730904,-4.831996723086718,0.8439585666780278,3.417085923754983,1.7337506414101123,2.743685672754449,-0.9646845169389986,-0.7378519596779376,-3.523367522284371,-0.4543712300520175,-1.3961303858652823,-0.04451590522254323,-0.7705916035321363,-1.9778247900068857,0.058240398707351204,-2.5940018447112765,-0.6868992273273054,1.6827225069534437,2.8208409157755305,-2.204057243633457,-4.50013035124908,-1.2186996424858054,1.9506604386872501,2.504318406410218,2.4913179686809315,0.6850121590590255,-0.735582719752065,-0.3267465348045042,-1.0852843514714943,-0.08366410572723404,-3.704046341156018,-0.24273525021190245,0.3695380520871976,-3.086105783654992,-1.1247461059430544,0.22883620761854884,-0.08017998991534458,-1.7195170344602744,0.7473755123060988,-3.8423010205054817,0.9999294767124058,-0.2053385017893321,1.087193325868907,0.12664153125806799,-3.8253824856721876,0.5696349452349292,-1.4548537148713185,1.7728527331621944,0.9422494616803334,-0.21192238877197678,-0.32402157743962023,-0.49253039521611797,-2.5443339608711,1.9239683711872733,0.756760179360783,-4.332823277870565,2.6581744883559173
numHidden 	6
numGenes 	57
minGene 	-3.0
maxGene 	3.0
popSize 	100
maxEvaluations 	20000
mutateRate 	0.2
mutateChange 	0.5
seed 	1554312445367
random 	java.util.Random@1f17ae12
neuralNetworkClass 	class coursework.ExampleEvolutionaryAlgorithm
Training Set Training
Fitness 0.017619443268694985