2.9814854651544875,-0.8793424302974593,2.415334515997995,-0.2635647534415977,2.4167392715805303,1.0732647919336022,-0.14268161863448192,4.246626460854031,1.6746090814058228,2.5206267510763087,-1.5177416582877372,1.7684715595833342,2.812636464627154,2.6511814665451716,3.2878857757006683,0.40743134896027833,0.1573011102177464,-0.3211696979752716,0.7589229286765944,2.2506062899252246,-1.0140318119477616,3.852717285210434,0.9720310241887926,-4.869308727138577,-2.918616263818559,-2.258632056636573,1.7076298869931392,1.0637420677544545,-0.3430303409009383,2.9776774747231967,0.4296707148438301,-1.8016371828266564,-0.5880471793786639,-0.6088240170561252,-1.89692727204898,1.7478395653429875,2.9949085330748098,-2.2140032337446627,0.1811882985272497,-0.038641534896353136,0.7784413483116872,0.8365895714322678,3.3734984687241525,-1.1865704950806135,-0.7009125663281068,2.5522055609862573,-0.4473227733407876,3.315394188744433,0.016815235487182,1.9294046807501797,0.3659478621511614,0.12151772797015958,2.8418133097906315,3.1746952821188277,1.9942999473841994,-2.470894139372337,-0.7604486228768703
numHidden 	6
numGenes 	57
minGene 	-3.0
maxGene 	3.0
popSize 	100
maxEvaluations 	20000
mutateRate 	0.2
mutateChange 	0.5
seed 	1554312556129
random 	java.util.Random@1f17ae12
neuralNetworkClass 	class coursework.ExampleEvolutionaryAlgorithm
Training Set Training
Fitness 0.013425042106831436