-2.341223683978102,-0.2957887975083775,-4.17451662493477,1.626236502804737,0.7798290711068745,-1.4529786210178992,-1.7984202616564229,-1.6204071615060531,-1.5172090608949835,1.2849380432877044,-2.828680499675609,-2.5320034004767766,-0.6455792509489164,2.9386022407947703,-3.172300224692767,-2.7733532050255945,-4.393583905903682,-0.7299824225756666,5.931257588509352,-0.26447203592511137,0.4202115292121995,1.1920173221553485,-3.8219533165256365,-1.5374444237597285,1.5376042956857763,1.56004504098685,0.36246717565544717,0.006982054435535012,1.2954490777824974,-3.823875947563929,-0.8648515416104292,0.6705365769972174,0.24820695267346116,0.8218122735300613,-0.27450340248648497,1.7080402501381888,2.6301296964509424,2.137201361904607,-0.3213832682967135,-0.049323342448471585,-0.3593425680080369,-1.2015070255549702,-0.7672469051463406,2.2622447356598503,1.8802487962725012,0.15230511830542337,-0.226146256151325,0.9068859743710735,1.1638387486338457,1.2072630964763569,-2.9496353485559244,-2.899640421306588,-0.7070405743724462,-2.0400918461719657,1.3459231238892198,2.4236248374094895,0.4837229934146432
numHidden 	6
numGenes 	57
minGene 	-3.0
maxGene 	3.0
popSize 	100
maxEvaluations 	20000
mutateRate 	0.2
mutateChange 	0.5
seed 	1554312684549
random 	java.util.Random@1f17ae12
neuralNetworkClass 	class coursework.ExampleEvolutionaryAlgorithm
Training Set Training
Fitness 0.018733160384952676