0.7140601373061146,0.9196487304729701,-0.5578238810379639,-0.5082471569453266,-0.37224352387701826,-0.08599673239605292,-0.9996631494965447,-0.6595252236705975,-0.6166295149447891,0.2267763864242674,1.0315263239906296,0.13945575773282837,0.8605863964319671,-0.8285533268313707,0.421947059676798,-0.1947870094742557,-0.6124740750614615,-0.27596131993080625,-0.8372499713465811,0.9349334564307885,-0.9357880612961924,0.6930734218858874,0.7277579028103633,-0.5126916305494891,0.2370482078743384,0.42420797595853316,-0.3479886510562074,0.3590859617385205,0.12352144851955575,0.1602224666026646,0.8324201195753271,-0.42096192514330655,0.26333550430707775,-0.2616325707090972,-0.8013114189333097,-0.718360373241125,0.9250600186121558,-0.04861879020987185,-0.6181023550717593,-0.905460544401707,0.02469576892553116,0.14863863083786377,0.8113965599974096,0.31975170836762024,0.8313245290683189,0.4263816062700632,0.33673147322676167,-0.19758183013313357
numHidden 	5
numGenes 	48
minGene 	-1.0
maxGene 	1.0
popSize 	200
maxEvaluations 	20000
mutateRate 	0.01
mutateChange 	0.05
seed 	1554477925292
random 	java.util.Random@1f17ae12
neuralNetworkClass 	class coursework.ExampleEvolutionaryAlgorithm
Training Set Training
Fitness 0.09379691933749852