-0.6242289074283855,-0.37862808988062846,0.21324797593351752,-0.29805206381219196,-0.2622358671192191,-0.9326884115115761,-0.3715623819570331,0.40751717818295335,0.9461833913130828,0.7927497791745046,-0.15451911643395758,-0.5348330127488221,0.8053299888645249,0.3572279641682561,-0.7906998187175471,-0.7900938441622389,0.812766941320102,0.7321450378974887,0.7019295044437497,0.12129469178358643,0.3514261532407509,0.06738680136646917,1.042644515121507,-0.8386480319629577,-0.2674104303595112,0.2293384562044809,-0.7348093818351353,0.01943980717499323,0.03306715693124755,-0.27264339255653725,-0.9188835186231494,-0.05189259728992139,-0.812477681699638,-0.23894683408226336,-0.4989578563809623,-0.9355610405422738,0.47732479524478433,-0.3472355422907538,-0.8882551073563392,-0.46221348944551816,-0.6883398760368322,0.8192716495271202,-0.9866840582833794,-0.569085712942061,0.5055009293447228,-0.22064050002348856,0.7824326061808007,-0.31653919115467394
numHidden 	5
numGenes 	48
minGene 	-1.0
maxGene 	1.0
popSize 	200
maxEvaluations 	20000
mutateRate 	0.01
mutateChange 	0.05
seed 	1554478583876
random 	java.util.Random@1f17ae12
neuralNetworkClass 	class coursework.ExampleEvolutionaryAlgorithm
Training Set Training
Fitness 0.10783816227431596