0.10573900758647081,0.917232735273726,-0.04174415657378705,0.5882235447284796,-0.035139869142382055,-0.9731918145677407,0.3471907102204727,0.827836435426351,0.3169601173114929,-0.09369359098792862,0.6395785759578649,0.9627518715592407,0.7420219602469622,-0.23386827242146668,-0.9301953028668366,-0.7327980255741198,0.8411248894563388,0.513751980805742,0.4668739681189664,-0.5373867651797761,0.4113889271844699,-0.15399494845416806,-0.16177645451743672,0.07335858553434105,0.6358151319763907,0.4593369949708408,0.0866865994556214,-0.18676365406155027,-0.5149852029916904,-0.8299711510795824,0.13517969526126455,-1.0261538288281389,-0.942811051061121,0.45571868017069606,-0.6810116849834946,0.47713274094430486,0.1558469982942458,-0.3228598322369567,0.3501096929574179,0.6438448614389642,-0.6744980877752311,-0.35404594611722184,-0.21212170969102645,0.8564544148068436,-0.04010259835220435,0.2583375481832631,0.7259589899361614,0.1218306228702779
numHidden 	5
numGenes 	48
minGene 	-1.0
maxGene 	1.0
popSize 	200
maxEvaluations 	20000
mutateRate 	0.01
mutateChange 	0.05
seed 	1554478450736
random 	java.util.Random@1f17ae12
neuralNetworkClass 	class coursework.ExampleEvolutionaryAlgorithm
Training Set Training
Fitness 0.05978399912452896