0.16450474082499134,0.6322364290135878,-0.9468354056130184,0.1629124881433861,-0.40260428824896727,-0.3847465874485574,-0.7631056209965776,-0.3015644791810246,0.7747926315808242,-0.28282692343507165,-0.6424998587144595,0.6976033368092434,-0.8822985000193524,-0.3752202487431543,0.04831335981705269,-0.05307834946336176,0.26280449544448564,-0.8505713899947942,0.7920020806590289,0.6593539961559443,0.004571314520126893,0.401962249095742,0.7305037753177217,-0.5415572162204181,-0.20511106239166965,0.7491169772137367,0.7164795629081162,-0.8427143412472815,0.47290073164695023,0.7777880256751943,-0.13375217577757909,0.38241423614829806,-0.9407937757901512,0.24858478902399767,-0.3728638446643849,-0.9833306575146277,-0.7624589621190463,0.5246588519788851,-0.8335714873835716,0.8554215749130722,0.03786073772503196,0.6985689086122921,0.8321767553073509,0.22711202430494204,-0.21004934102372308,-0.1018711087603831,0.17312655691374235,0.4309582717750627
numHidden 	5
numGenes 	48
minGene 	-1.0
maxGene 	1.0
popSize 	200
maxEvaluations 	20000
mutateRate 	0.01
mutateChange 	0.05
seed 	1554477834306
random 	java.util.Random@1f17ae12
neuralNetworkClass 	class coursework.ExampleEvolutionaryAlgorithm
Training Set Training
Fitness 0.05843295360406203