1.5401904786456633,0.24847418631422097,-2.7671497380719163,2.055668047271582,2.1302102121204474,1.936699934886265,-2.2361206152471844,-0.5288321938322473,-2.2072576965428414,-2.4565257983205937,-1.0079368351037397,0.1007352525171543,-1.6440629709791308,-1.158390380862271,0.3150540078908341,0.9284863205765388,-1.68083798100608,-1.4190570916683607,1.4635212154479824,-1.62666208197297,-0.647772720900557,0.8969027052479961,0.20844358774748922,-2.351487425888525,-0.8489865463720596,0.8850235730080364,0.8660348365262465,-0.9370632854192236,-2.363057376265968,-2.4837524598928047,1.0023894748190145,1.7274573548049428,1.6514030482435946,-0.8965975179214873,1.1723586397735428,-2.1168961743912615,-2.5525897920120455,2.8522910901558793,-0.3529141980748842,-1.9895854542167377,-1.58054199230601,-0.6086268184109302,0.19205741853111846,-2.1418546356976584,3.0386879886603513,-0.8779302549809551,-0.7475582334642694,1.4464772233616479
numHidden 	5
numGenes 	48
minGene 	-3.0
maxGene 	3.0
popSize 	200
maxEvaluations 	20000
mutateRate 	0.01
mutateChange 	0.05
seed 	1554398516193
random 	java.util.Random@1f17ae12
neuralNetworkClass 	class coursework.ExampleEvolutionaryAlgorithm
Training Set Training
Fitness 0.1099521704193919