1.5986645942930802,0.9285933454915973,-1.9338930062596953,0.7430199355648146,0.4001156820647719,-2.453640920966796,-1.226748522624684,-2.145831987884308,-1.232564725957566,-0.1243988183620461,-1.4020196149880744,-0.33197274353086187,-2.8172476627992573,1.372441361820675,-1.005853530682817,0.9170932387059512,-1.4282968688139812,2.037044470587266,0.8933759007871938,-2.889209831615786,0.14081158611192882,-0.3918604493971522,-1.0206140563897992,2.566457116168415,-0.8682662989873033,0.89912042620756,-1.177480541004256,-1.6316167195952833,1.3742867984888225,0.6962228324898079,0.34528446667520085,-2.6935587748219643,-1.430204975127324,0.3482564060505896,-2.516952477471194,-2.351395684289509,1.7733897896493334,-0.6261441747032652,2.684887618711773,2.5418648494556493,1.768516744181328,-2.1537982080420353,-2.982022221565404,0.2138097930468736,-0.810993913633631,2.9366424142893566,0.8947201197586094,2.7623386981871425
numHidden 	5
numGenes 	48
minGene 	-3.0
maxGene 	3.0
popSize 	200
maxEvaluations 	20000
mutateRate 	0.01
mutateChange 	0.05
seed 	1554398731428
random 	java.util.Random@1f17ae12
neuralNetworkClass 	class coursework.ExampleEvolutionaryAlgorithm
Training Set Training
Fitness 0.14290204464378967