-0.0451077777975481,-1.27236680078137,2.815149392927629,2.704767802283164,1.356109574053578,2.469514377071472,2.8415882994341786,-0.38392972103136885,-1.6045756878385322,2.5490656061292,0.8647908692999842,-2.544470063734439,1.389106943596981,0.8592762003699193,-2.429583472036592,-2.8994643048565667,-0.14809976600047448,2.1039367837735563,1.8935413588847176,0.8692233812876502,-2.935957608857905,-0.010485118189801135,-0.1591675182904697,-1.7117977245228175,2.4390544407279267,-0.9466867789188802,-0.4417702759580683,-0.45834708537044655,-0.4069878538739376,-1.9027155812251257,-1.5779932837334438,-1.928247452788447,3.1546932103540204,0.7074212342771209,2.588498506559576,0.9796857714263187,2.7321666994636953,-0.9633117666145756,1.8327109512507223,1.7932899596381873,-2.28494334574254,-1.2349907930220516,1.488443807719414,-2.7783125008021052,-0.6571091646867404,2.6228685533659712,1.4724862795137192,-0.29095117364106854
numHidden 	5
numGenes 	48
minGene 	-3.0
maxGene 	3.0
popSize 	200
maxEvaluations 	20000
mutateRate 	0.01
mutateChange 	0.05
seed 	1554398587153
random 	java.util.Random@1f17ae12
neuralNetworkClass 	class coursework.ExampleEvolutionaryAlgorithm
Training Set Training
Fitness 0.16359564385072226