0.9248349897216586,2.705005559205813,0.32390382941706564,-0.6404471628056569,2.0400335316410727,-0.894250403857735,0.3807299290711774,-1.621852695588451,1.583579135631752,-2.6647265140631955,-2.2918376223552155,-2.438922283306845,-0.804907878049886,1.0543722832183864,-2.061373346250612,-2.3281949380620532,-2.6583850648741842,-0.11120144468333004,2.607062226756514,-2.8787636671185224,1.937774364743306,1.9862414600517624,-1.2735793735831513,2.14463212759592,0.828833283807441,-2.074194154064802,1.9230199293985266,-2.4031244511407026,1.4085945201673447,2.2545863703455264,0.1832088342598503,1.3873809528763226,-0.7750260731574063,2.966170207408868,0.9374022787886331,-0.6900978739037549,0.7444233903532327,-2.4863664439400046,-1.0303397111997636,1.193986121393415,2.352242838964373,1.5648308901864887,-2.9594108726684842,0.013803930282189472,-2.1908220657206052,2.410514130855442,0.7484577783948971,-0.4634302760794709
numHidden 	5
numGenes 	48
minGene 	-3.0
maxGene 	3.0
popSize 	200
maxEvaluations 	20000
mutateRate 	0.01
mutateChange 	0.05
seed 	1554398657992
random 	java.util.Random@1f17ae12
neuralNetworkClass 	class coursework.ExampleEvolutionaryAlgorithm
Training Set Training
Fitness 0.15127136056796509