-2.9676938508588,2.5141646539456817,2.7307548819745273,-2.6209867381439835,0.665027170526455,-0.9117714121470133,1.8876246640706669,0.2681920685125406,2.2793107596990634,-2.8911054505815708,-1.3223996188929403,0.10152422455013206,1.2934260171483487,-0.9702920960337678,-1.2245253117515777,-0.23530706746040447,2.641518691595939,0.015009834829246144,2.4589025552362633,0.6342062045574672,3.0014743899569103,-0.6277163761083869,-1.614259693299309,0.9624037513378076,-0.9883644011678483,1.777940189637015,0.1886265949431271,1.908460154881897,-0.7298411775919532,-1.812110441948045,0.6217995605089375,2.033879637187624,-0.6974059220463074,0.012913696657377224,0.4056983084484343,2.2883965276088443,2.212568840768842,-0.2849690206664768,-0.2370626851551499,2.407119643711882,-0.7027486122025242,1.344712830033152,-0.5252071858129677,-0.9778189171954599,-0.08642910652865997,1.6399840919581978,-0.08961370163188286,-0.33793293448560663
numHidden 	5
numGenes 	48
minGene 	-3.0
maxGene 	3.0
popSize 	200
maxEvaluations 	20000
mutateRate 	0.01
mutateChange 	0.05
seed 	1554398879295
random 	java.util.Random@1f17ae12
neuralNetworkClass 	class coursework.ExampleEvolutionaryAlgorithm
Training Set Training
Fitness 0.13085807178695583