-3.0352396869397023,1.272293386643121,2.028521982286774,1.739109520022356,-1.0903809406326723,0.6523723686155294,2.0767651736283517,-2.6124612038200454,-1.1038717207758058,0.33235070486693274,0.8025230922086539,-1.3164840118297783,-2.8449344996232346,-1.1534072845867545,0.14126941877176485,-1.8491219512373909,2.7824425348391797,-0.4656408223964089,1.3153802109385893,2.2785536892567944,-0.7055423323975194,-1.535090886120187,-0.04331678872512276,-2.3623752470512103,1.2712873905012456,-0.5346222751873548,0.5748929246423511,1.988241566762081,-1.4380811371630433,2.376661030198787,0.415037850965216,2.5959610502016384,1.1984028840169718,-1.7394141215486831,-1.5080982893987143,2.693869855174958,1.2815730741326288,1.6171924647376346,-2.4780725578467235,-2.5688426848433967,-2.848547293374887,-0.8559991984408568,2.692951606665508,-2.759405261288863,-1.105758886804309,-2.620319956903524,0.3195599358858542,0.6866763825204372
numHidden 	5
numGenes 	48
minGene 	-3.0
maxGene 	3.0
popSize 	200
maxEvaluations 	20000
mutateRate 	0.01
mutateChange 	0.05
seed 	1554398204873
random 	java.util.Random@1f17ae12
neuralNetworkClass 	class coursework.ExampleEvolutionaryAlgorithm
Training Set Training
Fitness 0.12043532184360133