-1.6290308860377654,-2.6655900485668758,2.7255870197808667,-0.9844389817026553,0.9573749680655372,2.2040997097614783,0.8732614684244575,-1.831524117296222,2.276276306014805,3.0097196785511517,0.16337157530909768,-2.8015912297944827,-0.9799433174339136,-0.5655829840512264,-0.4622224022635542,0.4816839833825111,0.4264092479292664,-2.606820619274923,-1.4424579666195403,0.8130293939068947,0.005593060186822457,-1.953526508849406,1.0730926346723175,-2.234266008470393,-3.1175568763880603,-0.9184617558603256,0.09646270065501654,0.035248729890522745,2.47025998328347,0.45336296736615883,-0.817618978664282,-1.0286509203536476,1.357377635506948,-2.587075015403899,0.05741164157634193,2.9082683579197344,1.6883794785030828,2.373310655065368,-1.5437411553095381,-2.755988265581448,2.0106052307457665,-0.175112652064436,2.631780285294032,2.049355725502479,2.1327618208020684,0.8587450954330889,2.050168853661087,1.35383547164607
numHidden 	5
numGenes 	48
minGene 	-3.0
maxGene 	3.0
popSize 	200
maxEvaluations 	20000
mutateRate 	0.01
mutateChange 	0.05
seed 	1554398351361
random 	java.util.Random@1f17ae12
neuralNetworkClass 	class coursework.ExampleEvolutionaryAlgorithm
Training Set Training
Fitness 0.11115091223063304