-2.81003832300272,0.7815959270603403,-0.75438511464922,-2.4486317454255437,-0.6337111832079698,-2.5035127556602834,-2.7192588734208467,0.19035027541127514,2.282441946439884,-1.5778676650880874,2.6546744795647985,-2.4592770504622923,-1.0176086606679153,-0.023797674706206,1.7894369661307459,2.7609869013545403,0.5711057093725389,-2.4551976791995775,1.6405365589182255,-0.0024977054227939277,-0.11808575195841105,2.3843055053217492,-1.3008820175631137,-2.677231796407749,0.9052547855620376,-1.6053144428980703,-2.6460597765590843,2.043753737359089,1.8933590960018112,1.820245827577911,-1.930245979723944,-1.4418094563146673,1.8186151499634455,-0.32534387694245037,-1.905789106513496,-2.754696130571025,1.3259770288123147,-2.4638342472891006,-2.8489616426979145,1.7566528070641594,-0.6893413641084964,2.0166094254287996,2.271235744498817,-1.3484595405745994,-2.5689316947256744,2.0120844622467864,2.7485086786812243,2.2140711889346525
numHidden 	5
numGenes 	48
minGene 	-3.0
maxGene 	3.0
popSize 	200
maxEvaluations 	20000
mutateRate 	0.01
mutateChange 	0.05
seed 	1554457448712
random 	java.util.Random@1f17ae12
neuralNetworkClass 	class coursework.ExampleEvolutionaryAlgorithm
Training Set Training
Fitness 0.12274057117899616