-2.371198353274141,-1.4570830046304644,0.04215151258475362,-1.8413718714180516,-0.24390795950622246,-2.879289085748275,1.352862185445729,-2.6926347235589105,2.0303309671158143,-1.9782099334540602,-0.1522950983549256,1.555631977912275,0.5569578398168256,0.05518663896739495,-1.756008655277583,-2.109403187994623,1.5461855034622838,-2.551963779700735,2.5560144205907003,2.7961810422907023,-1.6151713163982224,-2.4634347641669003,0.9419489332126341,-1.8898281962581207,-2.0697005431044513,2.4975638217893907,-2.7204018338115628,-0.23004597610379385,-0.039709254739559,0.34025673708595966,-1.8997540820156598,-0.7587033873640217,-2.219490828351356,-1.5001703295380227,-1.3649459865551654,-0.42412129110282937,2.521133714856771,-0.9952241130425792,-1.948787873927812,-0.9730607352076066,-0.015452645523617997,2.9470459122583357,-2.44089866764769,-2.247535926828087,1.9742979429831167,1.6865448964503813,-0.4396678275569075,1.8261816343414798
numHidden 	5
numGenes 	48
minGene 	-3.0
maxGene 	3.0
popSize 	200
maxEvaluations 	20000
mutateRate 	0.01
mutateChange 	0.05
seed 	1554457144369
random 	java.util.Random@1f17ae12
neuralNetworkClass 	class coursework.ExampleEvolutionaryAlgorithm
Training Set Training
Fitness 0.10972323591912748