0.13426070853051186,0.6517251138543287,1.3441137297111447,1.280296279128246,-1.190779101659756,-2.286000413860013,1.9472100135579953,-0.3264563387237901,1.0353190489112667,1.2726241520397235,-0.5268399263631534,-2.6805958293487357,-2.708973410933191,2.057075839770988,-1.4162142274810028,-1.503411846425008,-1.8152130370906296,0.9914135629572762,1.720963804417404,1.7532258650076873,2.396573919489234,2.109044237506942,-0.31814292221000134,-1.0547313625414687,1.1269212834125255,0.23059727775787103,3.775825601570639,-2.670917318889491,-0.8371302106782925,-0.45748329047563735,2.001302068508453,-0.3361560114405922,-1.4208177296114624,2.3629523896299363,-2.439547765706751,0.2959451179237331,-2.3309682259410787,0.8853222743911568,-1.0369314792643263,-2.4486703977156776,-2.14594078510022,1.6265004831972938,-0.30069539180479893,2.640667708865722,1.1349654816170276,2.734906651670369,2.634084064600949,-0.002149131533324855
numHidden 	5
numGenes 	48
minGene 	-3.0
maxGene 	3.0
popSize 	200
maxEvaluations 	20000
mutateRate 	0.01
mutateChange 	0.05
seed 	1554457377514
random 	java.util.Random@1f17ae12
neuralNetworkClass 	class coursework.ExampleEvolutionaryAlgorithm
Training Set Training
Fitness 0.10019852469704438