1.9029567168136714,2.9576530351322745,-0.25492090410312934,-1.31780555707632,1.1691064045256858,-2.974552879961906,-1.8589095814158048,-0.1197474957422628,2.359816728281422,2.509252725440975,1.0827701801231737,1.9904556017557675,2.4128928559641274,-2.2139324540623164,-0.6146595459328621,1.8405634332384255,-1.7262899078201126,0.768711362296985,1.248443498504528,2.5190888013373707,0.8915340977017778,0.4406913287234139,-0.020341201741883363,2.052414990732652,1.2371243045076246,0.8065077491599504,-0.28802579806553136,0.14772627330028876,1.4381351525371573,0.01882364986219845,1.8725418054038814,1.2236063710003167,-1.291362818202308,1.3479482059656158,-0.881380246493709,-2.447910413586963,0.9937182542710337,-1.0519623115367909,-2.2608094185652616,0.03845867586646623,-1.7366882301772697,1.8427787133768705,1.0988295828236276,-3.0734767923645068,1.9971815977700744,-0.8474422160429667,1.5275523058730054,-2.4069497458204303
numHidden 	5
numGenes 	48
minGene 	-3.0
maxGene 	3.0
popSize 	200
maxEvaluations 	20000
mutateRate 	0.01
mutateChange 	0.05
seed 	1554456908773
random 	java.util.Random@1f17ae12
neuralNetworkClass 	class coursework.ExampleEvolutionaryAlgorithm
Training Set Training
Fitness 0.02350262767321126