-0.4845872994740655,0.44860100944529296,-0.3912858408040983,-1.5656976234379192,1.8672558268617212,0.481511404640743,-1.759661928067766,-0.9660247836322169,-0.8298793030550846,-0.24542399478916227,-2.140839928383316,1.0910086746066396,0.6860359594937906,0.9707097556838364,-1.3615012389674568,1.3092469816994505,-1.2762918353840564,0.6995650096054429,1.171989527971468,-2.0062074663959937,1.2444956506804183,1.0074024727580013,0.9739098832313495,0.3348795349682377,0.4343790325886565,1.7793654210119763,-0.912282272376622,-0.32672142631015993,1.4264884628997891,2.158861885465201,-0.4527727805929345,0.2154862591488143,0.3892533656385018,0.07153892563007197,0.06467697789361576,0.18348405972157772,-0.6959040180618195,0.6587721930021407,0.24742633745178272,0.9227178281755344,-0.26450266967913677,0.09243765295339379,0.2298445380740572,-0.44727507163780894,0.7855322615574418,-0.5582202948943025,-0.028627085954418985,0.9283967747608404,0.04757633446737719,2.1691649855473942,0.43077820454168175,0.0452782802613253,-0.5078313975021789,1.1630628510539969,0.8255192859245333,-0.27127088413872397,-0.9537508892038784,-1.2309581762062969,0.6607084177794225,0.0744486093317559,0.031773573068032634,-0.897479581073557,1.187653064301809,1.2577191080376584,-1.8655655128509323,1.759856710915374,0.05719932483766954,0.40070406357047517,-0.3482141356664821,0.5702454990196304,-0.9774159678150602,0.55644423272037,-0.6208094965590625,1.1683760986328589,-0.1370348741341882
numHidden 	8
numGenes 	75
minGene 	-1.0
maxGene 	1.0
popSize 	100
maxEvaluations 	20000
mutateRate 	0.2
mutateChange 	0.3
seed 	1554484654603
random 	java.util.Random@1f17ae12
neuralNetworkClass 	class coursework.ExampleEvolutionaryAlgorithm
Training Set Training
Fitness 0.008791200720665407