0.12886891129987982,-0.48532150404465146,0.3814958409430654,-2.2949095587789805,-1.5632446856925317,-0.18687063761742728,0.5530364352565398,-0.9238227056349546,-1.3989317174696758,1.8867975512359771,1.380026900751621,-0.5330434288876562,-1.655098436199815,-2.0821800179282746,-1.0331041843968711,1.0359238023716566,0.6538800090647802,-0.41966931941337365,0.27847291740133434,-1.0156368247241254,-1.449731965732661,0.24149401616130134,-0.9563595887547227,-1.8255625576085306,-1.1243158108556455,1.4871946346269782,0.836962852429451,-2.1224935455486853,-0.5038637719387793,0.2399770916665585,-0.9664922916471688,0.5803922335100462,0.11913565779078017,-0.27203478160832645,-0.8013892873599089,-0.41387505631380356,0.1732790836465915,1.5907922782765875,-0.885806278380094,0.6636773093958876,0.5292079047898934,0.11619666157388309,0.07277200275597168,0.5581838202682277,0.19946784102230564,-0.23433133098511905,-0.3305672798339712,0.22078818328770805,0.8619018039887101,-0.7318428482707215,-1.8245200206654035,0.2373866988279068,-0.5184190001448192,0.8399596350648162,1.0893847988513778,-0.6894317652724757,2.611724540106726,-0.7631628139882525,0.5139418910080495,-1.0857171847197058,-1.3823399095414581,0.7767469138599827,0.7447109587129661,1.4361179670764923,0.6198056501531187,0.25938999765555565,-0.9480230239900471,1.2787032593709524,-1.9532547142405636,-0.6519018947358037,1.624121878521784,-0.2922748655736818,-0.22222792943867825,0.029017633988065783,0.38934809947295507
numHidden 	8
numGenes 	75
minGene 	-1.0
maxGene 	1.0
popSize 	100
maxEvaluations 	20000
mutateRate 	0.2
mutateChange 	0.3
seed 	1554484187233
random 	java.util.Random@1f17ae12
neuralNetworkClass 	class coursework.ExampleEvolutionaryAlgorithm
Training Set Training
Fitness 0.014092608919226127