0.5834250432917762,-0.21995507239093698,0.5444069569871799,2.849862888259735,-0.005370543517805526,-0.23279291039460454,0.4865474866840594,0.3425901486929723,0.9013758042371232,-1.6276277365153105,-1.233671959681507,0.38921292641198274,1.488777888838773,-0.7488945029929495,1.2162170178642568,-0.21582836065495764,0.6572407154882722,1.8114258939448364,0.8587060321612316,0.6668232803980891,-1.0855046128062775,0.4275000954893757,1.2657468835027044,-1.299341365523335,1.0079047668077326,0.1933730725352748,-2.4277998331376183,1.1567363436713896,-1.9766739209888613,-1.1479597255150262,0.32925398407767476,-0.06458045878124385,-0.7781498137209223,0.3738017173280404,0.3703363613995632,0.47128876116666457,-0.44943545126881396,-1.144027225888554,-0.9688513280518278,0.5524492467458922,0.7202157435420784,-0.10063308224438322,0.06446672334549075,-0.32103638325618383,0.5662468624670945,0.45376132468669345,0.09144761002805368,0.19941765331519956,0.8496311525434581,-1.810517498473988,1.6907231910595266,1.4353953590351969,-1.0348583044285087,0.7086483285887233,1.6855036624176891,-0.8993665853688235,-1.2283947760872158,0.5257203000645465,-0.9429005678248699,0.2832142422236477,-2.0130644584602932,-0.8882217599111093,-0.5239035697969519,-0.3444406349220008,-1.0042801188070911,-1.4218060513056432,0.006376235158498278,-0.5084331505882451,0.15273724793370003,-0.2128034652451164,1.4937368548698782,0.4016148636320976,0.6018412753684501,1.2517224723104114,-0.08680790166583957
numHidden 	8
numGenes 	75
minGene 	-1.0
maxGene 	1.0
popSize 	100
maxEvaluations 	20000
mutateRate 	0.2
mutateChange 	0.3
seed 	1554484410702
random 	java.util.Random@1f17ae12
neuralNetworkClass 	class coursework.ExampleEvolutionaryAlgorithm
Training Set Training
Fitness 0.011022965672735661