0.3175287109604124,-0.7714195238989976,-0.2906294626033577,-0.6945959873134797,1.7312418146376491,-0.7337032824426122,0.016062040521812926,0.13705065438909242,1.9882504888142345,-0.18472342615938658,0.615630377664885,0.5568086594439183,0.09841780146044721,0.6405053983898241,-1.3151982169366945,0.9026601907011302,2.1211445539680067,-1.6912432254676284,0.05615964284887898,-2.360600447834563,-0.9219923931142662,-2.181898897210044,1.375126845111439,-0.5056627149372228,0.47230390314162113,0.26362328442114485,0.47260083828914823,-0.25792807913667654,-0.18423717663288686,0.7578613569432877,-0.3013575002790203,1.2671276490389607,-0.12558845131393237,-0.30212746475986846,-1.5544694198781934,-0.1390649145763279,0.9339996270499005,1.7932139903386688,1.1414586621501608,0.773412391616136,-0.5973942250486486,0.7204135520115713,0.1310474380481646,-0.391258385189365,0.5375277401459326,-1.1495157446112398,-0.034359858982711045,-0.26036656825021537,-0.0559375391526975,-1.7731625502411672,0.7056867139284106,-0.3890606633228833,1.0639012999326591,0.4525659073978861,0.49850737228083036,0.42061100545408064,0.25192858045316463,-2.1070749674446807,1.3139884953542655,0.16192623783690363,0.5908872124016558,-0.9847639158154897,0.33172062922810724,0.0031252055089973085,2.219743293403328,0.6249045050792679,0.750511379981035,0.0652813383304856,-1.7751887506590986,1.5007408954610015,-1.6110627853643475,1.2767065685857124,-0.6682485683252908,0.9656123184485457,0.5550441758741003
numHidden 	8
numGenes 	75
minGene 	-1.0
maxGene 	1.0
popSize 	100
maxEvaluations 	20000
mutateRate 	0.2
mutateChange 	0.3
seed 	1554484071913
random 	java.util.Random@1f17ae12
neuralNetworkClass 	class coursework.ExampleEvolutionaryAlgorithm
Training Set Training
Fitness 0.016897985203488904