-0.9710121772493556,0.1060624867230574,-1.3502710676622653,-0.23611849526913692,0.6618975844434546,-0.13751440015297983,-1.2774176002831663,0.6875464780147522,-2.1841613895852383,1.3343847528093948,0.4474647587543706,1.1386340065585192,-0.5085125380112758,-0.8101119764110736,0.951583156798995,0.013369925998255261,-1.7557324130624687,1.4755304641079678,-0.5678764966453821,-0.18120606948857215,1.3058116781632254,0.666097940328207,-0.7385558333431601,1.845890823590856,0.40132943697054113,1.757991935743963,-1.0497513360865691,0.16742350838163045,0.5582578658195048,-1.6614391749754311,0.2824847342483677,0.637839653077015,-0.3944914881414366,0.0432380928122712,-0.7038985046162345,0.35656571932787356,0.8196030287542033,-1.246164184836616,0.3521646495048519,0.2224968407689692,0.2647594369256459,0.2135720458721187,0.06794111685990223,-0.09869825381669195,-0.2286479399935269,0.29607704169420873,-0.10310767353633027,-0.07246445756166564,-0.6316077357742227,1.137046287689494,-0.47138454779004496,0.579341462377545,-0.6820917707158449,1.9942231868380544,-0.54927472492474,-0.22126342304638208,0.6507063897904797,0.4500964478116148,-0.13070905702181668,-0.8774171536476938,2.2993136263999885,0.874625894671377,-1.0627978848082982,-1.194477899402281,-0.5072458031861034,-1.2529608592751493,-0.3878031568969776,0.15766511774692182,1.7502112633249025,0.7289338628204312,-0.8876648020387299,0.6812692711383534,0.5160646316122526,-0.36704993797346447,-0.19764082252212312
numHidden 	8
numGenes 	75
minGene 	-1.0
maxGene 	1.0
popSize 	100
maxEvaluations 	20000
mutateRate 	0.2
mutateChange 	0.3
seed 	1554484891069
random 	java.util.Random@1f17ae12
neuralNetworkClass 	class coursework.ExampleEvolutionaryAlgorithm
Training Set Training
Fitness 0.014526741112116558