-1.9845886216945583,-1.5549950719445043,-0.7818692839051389,-3.00362642426534,-1.059745832942951,1.7408297154955765,-2.555819336651843,2.0681259177732008,0.9149363344712018,-2.219847329188246,-2.673533713350717,0.8320917757490114,1.0418520064575223,1.4470901366631546,1.4122579867463283,2.3570681557051705,1.2341128771973426,-2.3505683823393992,-2.8969204291981674,2.0709287977087447,0.12263232523822154,2.3209109673541652,1.0841385847224023,-2.4341996540297246,1.0776003476551406,-0.5726187009245853,-2.0952376507920603,1.5860921729056336,0.2799822864138552,-1.0629633729671026,-2.4562839637623153,0.6749494461111996,2.8470344068747284,-1.7074417309065366,-2.3946153554331824,-1.0738080729446335,-2.1283151610142292,0.1882998192933707,-0.5075850141869042,-2.002222658549343,-0.17100666656761945,2.6583576288470976,-0.2624830714788686,-0.21068119083517312,1.5837562601662507,-0.5783927409048801,-0.6482610515442488,2.120165195763649
numHidden 	5
numGenes 	48
minGene 	-3.0
maxGene 	3.0
popSize 	200
maxEvaluations 	20000
mutateRate 	0.01
mutateChange 	0.05
seed 	1554392511360
random 	java.util.Random@1f17ae12
neuralNetworkClass 	class coursework.ExampleEvolutionaryAlgorithm
Training Set Training
Fitness 0.14069822094778192