2.2551358933614907,1.7021416371127644,2.7974902348975865,0.15819613233325952,2.60184391045732,0.6426202635535632,-0.2579360768823819,-1.3445817013203436,-2.4750498114341006,0.0012667988358945337,2.960894109167735,2.913130729411961,-2.8759885544245973,-2.7673375025266562,-1.2995412460611548,-0.9329357622159362,-0.07602277710066296,-0.9836153198058337,1.7817959962115852,-1.7277005454345635,2.9883706154754606,-1.039847441498787,-2.4407426877544838,3.0050152608874043,0.2567160295123818,-1.3318781990537876,-0.8998689052598685,-2.1156375681737187,0.8595195207619541,-1.9595717442438478,1.344499044066989,-0.43369899309843474,-2.6769031952154334,1.7634423863721382,0.5574247845992861,-2.75164162722956,1.873023905028905,-1.1189469803668908,0.32580232392403197,1.598867388515055,0.22897224426390794,-2.844339644986943,-2.2700655702898183,-2.413643072863235,1.8051744022466885,1.6834173107923105,2.8351384719453785,2.184374676123606
numHidden 	5
numGenes 	48
minGene 	-3.0
maxGene 	3.0
popSize 	200
maxEvaluations 	20000
mutateRate 	0.01
mutateChange 	0.05
seed 	1554392910342
random 	java.util.Random@1f17ae12
neuralNetworkClass 	class coursework.ExampleEvolutionaryAlgorithm
Training Set Training
Fitness 0.16188603690760744