-0.09077799636636286,-0.9553380573142647,-2.4174529731067134,-1.6062970783878712,2.710123135828768,0.2593674764594657,-1.840258885917228,-1.2180390270208346,0.580001049584923,0.6202528055396168,1.9787901075102778,1.627896426224985,2.9940725419012377,2.8527379212502417,1.7284302507850289,-2.756356987123096,-1.6695092337798763,-1.12292611170306,1.3728417654551759,-1.969369069521577,-1.495328978789275,1.9124323890478314,-1.3256321789868757,-0.6484163528915152,0.11759598658572466,2.7828843178210043,-1.9464298485733011,-1.8461130179041079,-0.1411437097138979,1.248743943346473,0.5951537504590227,1.6340146242033393,-2.4248884050825295,2.8285477970028365,-2.8030344901747037,-2.556758126176852,-2.3779272051188425,-1.5937630513601588,-1.114557510511352,1.432925794442621,-1.0869700502309156,2.8349068825446153,0.7845589302471709,2.373179779963217,-0.14062489175034099,0.6027873995072093,0.5264921284200474,0.2518127019305352
numHidden 	5
numGenes 	48
minGene 	-3.0
maxGene 	3.0
popSize 	200
maxEvaluations 	20000
mutateRate 	0.01
mutateChange 	0.05
seed 	1554393228053
random 	java.util.Random@1f17ae12
neuralNetworkClass 	class coursework.ExampleEvolutionaryAlgorithm
Training Set Training
Fitness 0.1536862533410304