-1.2319867473035755,0.3111037456778119,-0.5698021497887606,0.6402001406887743,0.45036624481883863,-1.1225637074241224,-0.9806757713516809,2.7253732222969242,-1.0705504251605973,-1.0228343092685108,1.1617784873423695,-0.5735158764922736,-1.5937506197686562,-1.99955773588338,-2.3948078807899744,-1.392361892511366,0.23600848226089077,1.7415700147573563,-2.5673714352621273,1.9330962194569328,2.2676147875218513,-1.8555097237376215,-2.047665687434232,-2.173996475199149,0.02977917239614669,0.7414018569245466,-0.3044986035457457,-0.6668129361735309,3.1926034299221344,-0.44361934517789886,2.5863884186167487,2.6208158513634023,-0.4735012512223415,2.6485944557385457,-0.6137502159399173,-1.177800316427878,1.3112753665005887,0.009946396224642925,2.0871374244467136,2.8929885658725114,2.9165808279906305,2.609711587022317,1.4937441971756216,1.3505168474921396,-0.7192725688784911,1.7439676268923672,-2.1189275904395295,-3.016975598403544
numHidden 	5
numGenes 	48
minGene 	-3.0
maxGene 	3.0
popSize 	200
maxEvaluations 	20000
mutateRate 	0.01
mutateChange 	0.05
seed 	1554393152944
random 	java.util.Random@1f17ae12
neuralNetworkClass 	class coursework.ExampleEvolutionaryAlgorithm
Training Set Training
Fitness 0.149494152370319