-2.2274962385595534,-0.39100600239840705,-1.6451475060096215,-2.2374494840854915,0.5747616617297553,2.143171859331013,1.9385165060834477,-2.5317383112303364,1.3871025551413942,1.0717685327332795,-0.8705423277784101,1.056225489555483,-2.13159927572981,0.19128017462797725,1.2375686535179036,0.058933258516026224,0.9285767276898624,-0.9400532266020225,-1.1519064657274374,-2.8959512321159986,0.10418685285203431,-1.6823695769032552,1.0735143868646586,-2.680657328271635,0.8828215678925,1.032833058545714,2.130609351745612,1.1170543077791812,0.40237546271871627,2.0321143924577623,-0.3361393529454751,1.450246866368022,2.3633599214357757,1.288655391782766,2.59224987103382,-2.501042628218487,-0.6579604379986612,-1.1943023347158133,-2.250158964228163,0.6466740068652315,-1.17071756256313,2.9770722832403855,3.0214052935717124,0.3979123907963551,-0.5553768111533364,-0.7589817330541857,2.042707817998643,0.9653916111729224
numHidden 	5
numGenes 	48
minGene 	-3.0
maxGene 	3.0
popSize 	200
maxEvaluations 	20000
mutateRate 	0.01
mutateChange 	0.05
seed 	1554393384940
random 	java.util.Random@1f17ae12
neuralNetworkClass 	class coursework.ExampleEvolutionaryAlgorithm
Training Set Training
Fitness 0.13464878124638524