1.0396827829980757,-1.7100588695157701,-0.835794492558054,-2.4795406952937586,1.7065399169569118,1.7628209995410091,2.0106115787939265,1.0667964310089495,-1.9048650628334118,1.4822878098191048,-1.5142853873975537,-2.2134369944071057,-0.8698014878347553,-1.4569008845771152,-0.4386475735410521,1.43257262126398,1.9485702468802142,0.12686204944474316,-1.6148937137956907,1.24276402641067,-2.5705530655418007,-0.2618930864322467,-0.15709042749262636,-1.1825958310159614,0.8181084807983394,2.209263677010589,1.3460366792174474,-0.33070937065925976,-2.3115778659588067,0.2998214511983866,-2.2842983422483463,0.7548486641378276,0.8921601342709617,-1.7479394091711273,2.7849820422786724,2.4748812621934517,-1.016601280718182,1.3903583242874467,1.3717649110448482,2.102089335574113,0.13400339189478067,1.2131743158697539,2.4478998416578683,-2.5016627203632287,2.171436459408901,0.9264383128426841,-1.0612739945595437,-2.122000504634177
numHidden 	5
numGenes 	48
minGene 	-3.0
maxGene 	3.0
popSize 	200
maxEvaluations 	20000
mutateRate 	0.01
mutateChange 	0.05
seed 	1554392606546
random 	java.util.Random@1f17ae12
neuralNetworkClass 	class coursework.ExampleEvolutionaryAlgorithm
Training Set Training
Fitness 0.0664403502203561