-1.548796139868001,-0.8450872131798886,0.21307825413351456,-1.6478322338269147,0.3879315543061715,-1.7242327719928028,1.4947642700083914,-0.1795257006385234,2.4176128325227904,-0.18918368449531453,1.4934729694197078,-0.10873597147832435,0.5494242870434123,-1.2469126168803757,-2.1593932419195587,-2.60753477086295,0.5457194755337644,1.1771749206065039,2.489033619564899,-1.3140913020136074,2.075578403754311,-0.6301109006120731,0.16597517970114828,-1.0153461429569781,-2.1351083835244427,1.9330730721918732,-2.4434212508361286,-0.09997762316094994,2.165481447227255,2.914583825619535,0.8912602597658865,-2.0141439512368713,-1.4236982597073078,0.08084979687827447,2.639198423307893,-2.976313639568931,2.3978084844685013,-2.1106539348570887,-0.2728445550251042,2.606179767186666,0.6861385120636161,1.7517426107245067,0.3571001500709469,2.777388018631078,-1.203216032837063,0.498410706995639,1.7879038998623358,-2.1229896623453737
numHidden 	5
numGenes 	48
minGene 	-3.0
maxGene 	3.0
popSize 	200
maxEvaluations 	20000
mutateRate 	0.01
mutateChange 	0.05
seed 	1554393304315
random 	java.util.Random@1f17ae12
neuralNetworkClass 	class coursework.ExampleEvolutionaryAlgorithm
Training Set Training
Fitness 0.1606880007518051