-2.5707113354121716,-2.799762956591732,2.8537651889574533,-2.82015853500875,-1.143717319563518,2.2864014646643316,-1.7383009934673705,-0.060381034487887314,1.5165973261212813,-2.110381306316157,-0.07979310403871055,-2.0425908583352457,1.6636582450147943,2.8417904475905438,0.01704697846976018,2.7544982348286577,2.1410916159787554,-2.004740710516666,-1.098502054672196,-0.23851119868851056,-0.22894697341201586,0.11105051798367126,0.2528772064693742,-2.1826601895298183,2.903500369625842,0.20484276189440215,-1.5541149765240407,-0.537441121494098,2.169907189600215,-0.5381286350848284,-1.278935904072812,1.7122503541770568,2.4543999938442864,-2.1097483588578663,-0.36907886496804265,0.822977048073529,2.1997664017851344,-1.3466198131975962,0.30684031215120305,-1.7106215913805147,-2.5632544152085166,0.5081972304865372,3.237450641981031,2.2366324052547863,-2.2930372082472625,2.638460097542686,2.119160312752231,-1.496622979533932
numHidden 	5
numGenes 	48
minGene 	-3.0
maxGene 	3.0
popSize 	200
maxEvaluations 	20000
mutateRate 	0.01
mutateChange 	0.05
seed 	1554403097215
random 	java.util.Random@1f17ae12
neuralNetworkClass 	class coursework.ExampleEvolutionaryAlgorithm
Training Set Training
Fitness 0.04928784582851331