2.916910090068506,-1.7032570044802622,-1.0325904614755228,1.9185217490440674,2.784307084298838,1.4193978853041551,-0.6824900650934618,-2.3615092358170036,0.7810420965618596,-2.5722165634825718,2.3859687849938327,-3.288006468232184,0.4411479449808552,-1.5385871306754597,1.196375527288366,2.310546028026195,1.9742826967651395,-2.473863122452483,1.4583918358639394,-2.1638728582226516,-1.6106953064761766,1.7290503193403541,-2.7082004259462007,1.1442262990720908,0.889311214718334,1.3295169489280312,0.9465136423558576,-0.7777223936724125,-0.42340310379067636,1.1856454777487115,3.448914481546221,-2.740673878059649,2.0288964231413287,-1.2904173319270138,2.8959697784931206,-1.2588158630783939,-0.1585283893814064,0.6201061383537683,-0.7680981308792911,-2.2320814826465294,-1.5455644416006478,1.5524713044650404,2.482131926338596,-1.9762532292281538,-2.7978615803270444,2.4888375855371887,1.5943251991662655,0.45652406206319496
numHidden 	5
numGenes 	48
minGene 	-3.0
maxGene 	3.0
popSize 	200
maxEvaluations 	20000
mutateRate 	0.01
mutateChange 	0.05
seed 	1554403430953
random 	java.util.Random@1f17ae12
neuralNetworkClass 	class coursework.ExampleEvolutionaryAlgorithm
Training Set Training
Fitness 0.07801316290570677