1.5666210274689574,2.3552914057037215,1.8939447223778847,-2.8714169702355963,0.6566747245990827,0.03131425503270882,0.34753692451195217,-1.5158464578327586,-0.2985205043064683,-2.62897671162487,-0.39751847513055155,-1.1874089775274028,0.011140074170375422,-1.7480547650779534,-1.6342279854573858,-1.83943481110335,2.829060141347795,1.2688227039930462,1.4265090254815438,-1.9651897764519413,1.7633537950900875,0.018136992289093712,2.0322763689477847,0.7569691143490285,2.783545330579283,2.2697783544707013,-1.9372211197201472,0.01879868316082156,-0.9111091001305174,-0.1967126366043896,2.306765660393512,-1.8722505530945897,-2.0693625760781678,-2.545747492978286,-2.1453732625910726,-0.03795107631842835,0.12551352702591173,-2.4110995140692673,-1.5087429146034719,2.1378723073792454,1.1973376457989275,0.9862129435472775,2.7935340668353588,2.10925327366944,-3.296708692704969,2.3598458657387633,0.7782208513596311,2.7546063466282282
numHidden 	5
numGenes 	48
minGene 	-3.0
maxGene 	3.0
popSize 	200
maxEvaluations 	20000
mutateRate 	0.01
mutateChange 	0.05
seed 	1554403010181
random 	java.util.Random@1f17ae12
neuralNetworkClass 	class coursework.ExampleEvolutionaryAlgorithm
Training Set Training
Fitness 0.10637373288717475