1.5108058080067643,2.601596490995604,-2.1664150875342907,-0.22828455126649888,1.1576338269352275,1.2646861101747238,2.159633567648881,-2.6491093824448333,-2.8822326464238035,-2.981201488398521,2.5911797960730043,1.9106938895819494,2.570175838175145,1.1194078784067303,-0.48672856609357745,2.1208947641037597,0.9610325010631635,-1.4454594188880396,1.7245534672583442,-0.5769721972882786,-1.5107859053429613,1.8453066912772504,2.437735238645198,1.4548307743203697,2.1530422562305365,-1.0961865988988717,2.819638306662151,1.3758617803219033,2.0856248639956796,1.222137268964809,-0.6681791219920463,-2.2492987787912586,0.3805155071545112,1.726154621600756,1.632802520571439,1.7777723736075526,2.101516043922987,2.832251958100824,-2.8565903550869716,1.811589983191329,1.555308918139354,-1.3304356243824635,1.9709404439743483,-2.176311412262781,-2.9733306781942312,3.0852548159694706,1.9740502974739211,2.914372294131824
numHidden 	5
numGenes 	48
minGene 	-3.0
maxGene 	3.0
popSize 	200
maxEvaluations 	20000
mutateRate 	0.01
mutateChange 	0.05
seed 	1554403501842
random 	java.util.Random@1f17ae12
neuralNetworkClass 	class coursework.ExampleEvolutionaryAlgorithm
Training Set Training
Fitness 0.12772020658064054