2.8173351508519016,2.2848714395516385,-2.4689859893909656,-2.2111195371513412,-0.8050071448068621,1.1815238818081908,-2.9562558397658956,-1.98218681830593,-1.37464718472091,0.14394904479968051,3.0760294607413936,0.1301652487423356,0.9457037068141494,-2.3309909280865417,0.21776545663832841,-2.221648809537644,-2.487714890925437,0.9126505116700885,0.7958657824030633,-2.8484425571696783,-2.856110693676919,2.58568098794671,0.6818931917378075,-1.5244898922692056,1.6235588611535687,-0.1383768737552642,-0.1887380987359492,1.7820571704240986,-2.1861317405129683,-1.6264826572412008,1.7114884690652268,-1.8943254014994662,0.5831206142705196,2.5817617436850204,0.1134371911082546,-2.986558631565879,-2.0366344165538504,-2.890302507850524,-1.3541853696082793,-1.8581493073626938,-2.253044785529381,-2.3601278517805344,-2.1833587619907546,-0.7199445710005221,-0.02252492600295941,0.6600331534623454,-0.15395560242798423,-1.1328235572854568
numHidden 	5
numGenes 	48
minGene 	-3.0
maxGene 	3.0
popSize 	200
maxEvaluations 	20000
mutateRate 	0.01
mutateChange 	0.05
seed 	1554403177697
random 	java.util.Random@1f17ae12
neuralNetworkClass 	class coursework.ExampleEvolutionaryAlgorithm
Training Set Training
Fitness 0.07281648973268928