-1.3116239398867446,-2.848561314849106,0.15752767608035684,-0.9900980822130747,2.0665185168340194,2.0693589242333426,-2.7623963238383378,2.009997558600314,-1.1911489334534693,-2.7643257638450294,0.830164878066578,-2.3611472694078066,0.07808941079115216,2.5179780271693373,0.9185050113250306,1.8868240423111498,2.332167998581949,-1.6562685799237513,0.15834129030887317,-0.4578732797943739,-2.806631200642096,-1.377814273931625,1.7057003729411242,0.3669653131458479,-0.3937208923363771,0.5740079926387773,0.8567603113749992,2.614922807846474,1.068412051797596,-0.12568350896132563,-2.1540062330704197,-0.013952326187443728,2.679352364292657,-1.1275298818737869,-2.813852076094161,-0.8236227356021351,-0.6677529378587639,2.264372334056474,2.67467612313661,3.056389448993702,0.1478703100612475,-2.225971183241523,2.0510632825553547,-0.31517126774460796,-0.2349592047260014,1.9590745308815805,2.5804888820447376,-2.9490902897914184
numHidden 	5
numGenes 	48
minGene 	-3.0
maxGene 	3.0
popSize 	200
maxEvaluations 	20000
mutateRate 	0.01
mutateChange 	0.05
seed 	1554403641682
random 	java.util.Random@1f17ae12
neuralNetworkClass 	class coursework.ExampleEvolutionaryAlgorithm
Training Set Training
Fitness 0.10989695468772775