0.6135342184790427,-0.7711915065543413,-1.3987545494271918,-0.03343725078679541,-1.514044818732076,-1.8883846575910368,2.5896597640553054,-1.7927219777974488,-0.3821621678028212,-1.0853628744681225,2.651704678436932,1.2352484645546353,-1.5141723931475144,1.0923746901571119,-0.29231397989922503,0.8277704098423793,-2.2742551504608723,-1.5196503607035599,1.8371532230447742,-2.169578762140811,-0.808767860264294,-1.8107393293041723,1.2667386583131377,-1.2555041643670346,2.859138623034557,1.947530429559184,-2.385096402226019,2.766586319617372,1.467987738474439,-1.4842614629231607,1.9586974886253137,-2.316081961464744,-1.4121746009854956,1.195068697034343,-1.9080147155000036,1.7090607742474013,2.8311822937642424,1.3492177755353278,2.576467762834949,2.0297015483930076,-0.6369599551785952,0.8208517908541002,-2.4310156818658815,2.1069855749515174,-2.3359654239691814,2.8611544344774087,1.3956607811418476,-1.6939023161610376
numHidden 	5
numGenes 	48
minGene 	-3.0
maxGene 	3.0
popSize 	200
maxEvaluations 	20000
mutateRate 	0.01
mutateChange 	0.05
seed 	1554403714795
random 	java.util.Random@1f17ae12
neuralNetworkClass 	class coursework.ExampleEvolutionaryAlgorithm
Training Set Training
Fitness 0.09194065648327503