-3.007120267782331,-2.7298397533325787,0.007246719181654537,-2.502435920293645,2.525673320054528,2.2886404266032896,1.8864313446814285,-0.7955118160980155,2.5127436128704295,1.54152186026282,0.15823846996280977,-2.825149185982534,-1.3864095391632338,-0.9891754885271977,2.5739446041418175,1.688640585446062,2.3411296833255237,-1.262406424920339,2.16603415743913,-2.737260089255386,1.4825031131055608,1.722103091225582,-1.2816763149084809,-1.549244912454434,-3.0454784442749148,-0.5283042409059098,3.319363000218793,0.585172625668325,1.5582363912950374,0.8612802192489957,0.2948429772014374,3.149829992017418,1.0384297053306222,1.1592378718662686,-0.1619374175774979,0.20133261428060845,-2.0070574820249236,-1.6391624737984665,-2.3876042927289083,-2.933850257505101,-2.669653872912462,2.4030619662125527,1.9168127505077113,0.5768754850634337,1.4078617458568816,0.1850927645689403,2.2436443637976966,-2.440754913727539
numHidden 	5
numGenes 	48
minGene 	-3.0
maxGene 	3.0
popSize 	200
maxEvaluations 	20000
mutateRate 	0.01
mutateChange 	0.05
seed 	1554403252594
random 	java.util.Random@1f17ae12
neuralNetworkClass 	class coursework.ExampleEvolutionaryAlgorithm
Training Set Training
Fitness 0.06172690088486544