-0.04325595707630836,2.284206810703619,0.9600133331811352,-3.538890452172462,1.9557596846643206,1.1253104402983363,2.5258405588289365,-1.0268549406197756,-3.5215299748160356,0.40256579646522406,0.19220001435342104,1.9171024582073843,0.384607824050331,-2.9634422204026785,3.2284973094309266,-3.7926865705132164,1.6882097149647084,-4.377378599238489,-2.6543048233792317,1.156242193408584,0.045925128490855394,-1.7569647761441813,-0.5239700469338564,0.6454140415768304,-0.3127752723047915,1.5428375579369158,-0.7781837595620298,0.0636734096473095,0.5895888683012666,-0.5597647483401035,0.20169669751886465,-3.6215726865636437,1.1615254274740279,-2.734082836536726,-2.163943092188698,-0.056157123422228006,-0.14733403278346913,-1.3106939852417288,-3.6907290253861498,-1.2446894535100403,-0.27873965374436704,-2.2527102607744633,1.515361986738526,-2.8546465270686605,-1.5710331591513205,-0.9156567626987562,0.5310577701689749,-0.785343762395379
numHidden 	5
numGenes 	48
minGene 	-3.0
maxGene 	3.0
popSize 	1000
maxEvaluations 	20000
mutateRate 	0.8
mutateChange 	0.05
seed 	1553180399338
random 	java.util.Random@1a837720
neuralNetworkClass 	class coursework.ExampleEvolutionaryAlgorithm
Training Set Training
Fitness 0.011633846145788374