-2.9201510996726836,-0.5021122959000021,0.3219627090347802,-1.249136429239718,1.0732285864646034,-1.942042240852036,4.492830288642355,-4.899616936748373,4.780338765244965,4.925265065086576,-3.530438897181721,-0.4367541367177672,1.0183009034815287,1.425016026527711,-1.2492100327837128,1.2223062064247592,-5.4985587395477244,-4.161471417383437,-1.5513872028874118,-2.641919198825299,2.0025748778963677,0.44604279598815577,-0.37017947236082205,1.3966297076431147,-2.444349204274539,0.4002578289964076,4.928803535844993,0.2961648058968561,3.581801280083762,1.0567351509577096,-2.4119073001086253,3.710124129242125,-1.1569717003897417,0.8472164693404964,-1.7760508291772483,-1.9260154940840812,-0.9102860366767842,-1.2649854429848675,-5.453236291112782,1.1135189670800532,2.9900554113844366,-1.1518848771996755,-1.9106924008831037,-3.3786743747256627,2.0323186837543488,0.25392532840236115,-0.5973597963262883,3.299439347893151
numHidden 	5
numGenes 	48
minGene 	-3.0
maxGene 	3.0
popSize 	1000
maxEvaluations 	20000
mutateRate 	0.8
mutateChange 	0.05
seed 	1553180080873
random 	java.util.Random@1f17ae12
neuralNetworkClass 	class coursework.GeneticAlgorithmUsingElitism
Training Set Training
Fitness 0.01102441248981255