4.186224337353961,-2.853615973641326,4.113208673938516,1.5467348740668774,-4.618329693568426,-0.6595925027628439,-0.10234935587652771,3.3714383867790767,-5.4547277341535345,1.6104273645583065,2.2149062471792265,2.375840157798489,0.8110966357340553,4.591994028357265,-1.0465358643705445,4.348830586483237,1.281349790192222,1.6066415939258318,-4.73031302879376,5.305578282578964,2.3043170510387467,-0.7275702693716556,0.20646809691031598,0.21903490425696026,2.0209631808828106,-0.12021076491708083,-0.9165274119148408,1.5613162151509554,-0.021060103262344643,-0.09277773470464556,4.834750886771737,-2.384113650573901,1.38222854850459,0.6601894842329714,-3.955880879759923,2.514221638577197,-0.5512997404877631,-3.906749923788391,-0.5425945662818644,1.3496286127007078,-0.8269690940654703,-4.16972847301161,0.8944840568702956,1.3110619212982595,2.3191911997936163,-0.048884846259249604,0.17539933780884487,1.3293287383683565
numHidden 	5
numGenes 	48
minGene 	-3.0
maxGene 	3.0
popSize 	1000
maxEvaluations 	20000
mutateRate 	0.8
mutateChange 	0.05
seed 	1553180399338
random 	java.util.Random@1a837720
neuralNetworkClass 	class coursework.ExampleEvolutionaryAlgorithm
Training Set Training
Fitness 0.014861204439264163