0.793092746249757,-3.613767710876216,1.6005607936316375,-2.0324653711423917,-1.300363302519509,3.3500189317858684,-1.977937287392986,-0.6458124880407858,4.3120419214394445,1.9883185129398733,1.750816418699451,-4.867660825980268,-1.0669070717286129,-4.726923997150838,3.2685997258370105,3.9593873533379385,0.2983593226490793,6.544262054281521,1.6711295726604933,0.10763588928233969,-0.3721588462945088,2.4378405758463946,-1.5845015985569497,2.7137120797849255,-0.38512416623880885,0.4486801844105214,0.07911787518595426,-0.21520183202832088,3.7010510851380953,-2.9034300684677774,0.3797701311345646,-3.12048316890116,2.8173987392400845,-2.1795464212921374,3.128770693189044,1.2225524203154046,-1.3921234285166797,1.9305094948408525,0.13201952045344412,0.7274294766981737,1.9021919003327046,3.6893491492777875,2.636719278468452,0.5896987625738104,4.74625513332371,1.3104535482000317,-0.33996394940794883,-0.479465786928128
numHidden 	5
numGenes 	48
minGene 	-3.0
maxGene 	3.0
popSize 	1000
maxEvaluations 	20000
mutateRate 	0.8
mutateChange 	0.05
seed 	1553179917056
random 	java.util.Random@1f17ae12
neuralNetworkClass 	class coursework.GeneticAlgorithmUsingElitism
Training Set Training
Fitness 0.017906152448132873