2.467511649345659,0.6647025712685917,1.5110528908806469,1.7673776373295782,2.088062253255525,0.6883161183842395,-6.534083786430624,1.6978856308513706,-0.8508206197408678,2.99686088993764,5.627445243985986,0.10590828010573505,2.2971612516525814,2.3420234168617164,-5.000796466536497,0.22298304841484307,-3.999608055786284,0.36930247606993694,-2.32674180157429,0.9092464985859995,-2.3820244655283895,3.396230929149329,-1.7910056806828585,-2.306771190226848,1.585619228347265,0.023102602189461252,1.0546314487776365,-4.245646456544382,-2.5346847253655183,0.5824308316698961,-1.8987385151475418,-5.361691550988411,2.0061673322376308,-1.605029110751489,-0.9946746575681813,-3.10053225187663,0.07103331725796425,-1.527852552466078,-1.129435051074085,-3.262967838916822,0.2954030573222167,1.8443557155578068,2.0148143713476174,0.02401004007345009,-0.5834392097636791,2.250897002229092,-1.428826745190217,1.3706040396217092
numHidden 	5
numGenes 	48
minGene 	-3.0
maxGene 	3.0
popSize 	1000
maxEvaluations 	20000
mutateRate 	0.8
mutateChange 	0.05
seed 	1553180014055
random 	java.util.Random@1f17ae12
neuralNetworkClass 	class coursework.GeneticAlgorithmUsingElitism
Training Set Training
Fitness 0.09711818571954402