1.3923913537319246,0.744318185589551,3.0123823374724585,4.723221994855668,3.3824580354290927,5.660337857058984,-0.18063294204636637,2.68213605124832,0.7576280452769535,-1.9499082828287329,1.0670713197525388,-2.1867556160591564,-0.8498965828763498,3.3199426096474483,-0.42821529479486886,5.675459438728293,1.3728732510842865,2.3758595880354427,-1.5148236016373091,-2.001618443597261,-0.7756231343673893,-5.051588094917345,1.20427328823386,-1.6252796155230067,-1.386146582427516,0.2696159336856223,0.8793426730446703,1.9761401343160987,0.031126800127969867,2.6460923501825246,-0.775233016884055,-2.2703574732891285,3.3763384271770294,-0.5287411646323491,2.1847553982256644,0.42064340185943083,0.6646592715946475,2.203554403871017,-0.5451815420004251,1.7698094510368463,-2.288998677273417,-2.315818744429209,0.3332991604466726,-1.9699796168350492,-3.840603135480999,-0.36564595646963194,-1.195341823540913,2.9193985036239853
numHidden 	5
numGenes 	48
minGene 	-3.0
maxGene 	3.0
popSize 	1000
maxEvaluations 	20000
mutateRate 	0.8
mutateChange 	0.05
seed 	1553180399338
random 	java.util.Random@1a837720
neuralNetworkClass 	class coursework.ExampleEvolutionaryAlgorithm
Training Set Training
Fitness 0.018171228632042298