-0.6589248062038152,2.085038715029278,-0.5229119944401986,-2.160617870590523,2.059356919551709,-5.018743812614494,-0.911454184553305,1.8570920137594862,2.116568757313561,1.1328104270206054,-1.4939158403719017,3.204054939240409,1.306940724569086,-2.9305758610451953,1.6707807098514154,-1.2846658396503954,0.17239060605759704,5.911920357528674,3.8598528832301584,-0.46694204448108534,0.4435098781165807,-0.9153993963623975,0.11656982854380615,0.7776020522677289,3.7979315747732634,0.3718641297273019,-2.0718286899087084,0.12502558555997723,-0.3196640828475459,0.6523516418878947,-0.14582107319801996,4.262801043780686,-4.080281606536403,1.2117860889790157,0.7870317840236752,3.0897168782771445,0.3130062808401707,0.8425156468278387,2.6464601011148905,-4.072841581930854,3.387051619602489,1.7358380287852633,0.39948700446296204,-1.0115435486990814,2.2929129819890566,0.4817766898523914,0.3874281873276664,2.534156062334294
numHidden 	5
numGenes 	48
minGene 	-3.0
maxGene 	3.0
popSize 	1000
maxEvaluations 	20000
mutateRate 	0.8
mutateChange 	0.05
seed 	1553179750275
random 	java.util.Random@1f17ae12
neuralNetworkClass 	class coursework.GeneticAlgorithmUsingElitism
Training Set Training
Fitness 0.012982932166449579