-1.120977420270748,0.018017148219505508,-2.5839627990209184,-1.919074095941032,-1.0219791825362974,-1.4603760069369507,-1.3116140816595974,-0.2971925425101185,-2.3025997593747594,-0.4824189489348987,0.7372996383652626,0.7825788128638456,-1.8425487987882434,1.5842509596765977,0.29765443704726735,2.444357341193676,-2.853126987797019,-0.1545473974337197,-1.5526587666676657,-1.661606250746949,-3.03995629068568,1.1374305533916127,-0.38386155350349344,2.0425957380979556,-1.0813432651136532,1.5375309411531188,-0.6649217014234214,-2.0532391720423586,-1.9871781869101273,2.4518643415546437,-0.2856326996482865,1.08261977257056,1.7929160317481365,2.4836694132539225,0.5201310562354926,-2.0133589305665502,-0.7515455990391853,-0.2541878107443667,-1.5784423951134985,0.8786468418117428,-2.934489362402153,-1.5241654154486146,0.5851346274620413,1.723380638040546,1.4957033363334247,1.3579837563236998,2.5212374996093967,-2.916442963001126
numHidden 	5
numGenes 	48
minGene 	-3.0
maxGene 	3.0
popSize 	200
maxEvaluations 	20000
mutateRate 	0.01
mutateChange 	0.05
seed 	1554457763588
random 	java.util.Random@1f17ae12
neuralNetworkClass 	class coursework.ExampleEvolutionaryAlgorithm
Training Set Training
Fitness 0.13097767461621088