1.8264636825371194,2.6041340853758044,-2.5580569487620757,3.032318974253738,2.2968896226232047,-2.0479916434056973,-2.7838893234036357,2.714000124382231,-0.8569936355120111,-2.2565508409511397,-2.346311541591807,-1.9592767681736314,-1.761663091960948,0.921905382304252,1.7488521013717273,1.3910122077551943,2.4345677783706074,1.3351941614840834,0.46820539609544987,-1.6803954866024375,0.27415705331463797,1.72197872091792,-2.469394105923003,-0.5724661024676652,2.6275616663163452,2.560012303960842,-2.500783487339215,-0.4750702074831352,0.9794702127059227,-2.865098203858361,-0.3838605048842608,-0.37798855328730846,-2.6218786454734646,-2.3856230917101877,0.7473226185742403,-0.560087768883033,-3.1061036324763576,0.6340723431173905,1.9157830665936673,-0.3495494285692022,-1.2456405113702391,1.6024721741312424,2.969703681145786,-2.8384715453998446,-0.8769478418821475,1.24842127456732,2.354607051158898,1.085214378810741
numHidden 	5
numGenes 	48
minGene 	-3.0
maxGene 	3.0
popSize 	200
maxEvaluations 	20000
mutateRate 	0.01
mutateChange 	0.05
seed 	1554457687480
random 	java.util.Random@1f17ae12
neuralNetworkClass 	class coursework.ExampleEvolutionaryAlgorithm
Training Set Training
Fitness 0.08197983112135657