2.8658717792027026,2.401894679740484,1.1497210226720522,0.08969754171843487,-0.9042209280791,2.5440628873215614,2.122730350288628,-2.2981691810449227,-0.9664163739949854,-1.7384650896301268,-0.41784270644024746,0.9920551570922882,-2.6795747567970833,-2.557695110730797,0.7049413790255723,-2.1322150189022873,0.805600755267107,-2.836370298035458,0.13063009794765662,-0.15872207347099723,0.040897808744836534,0.530872918092881,2.280546929626892,-1.0110495532706996,2.7745886140294367,-1.7119526670067537,-1.7467141265196715,2.2744650133599995,-0.684113588094174,-0.1252795282742123,1.9722097005253638,-1.677743685597837,-0.26583200248421573,1.7074281349758647,1.2146580732548213,-2.0205877153722795E-4,2.0304519600512076,1.2510873940401264,-1.0929869151963891,-2.023628598636612,-1.9661343892082517,-0.316658653270836,1.365707680438014,2.786375422447053,-2.4528629784825426,0.24435540603571332,1.2916310832010165,1.2790329619922005
numHidden 	5
numGenes 	48
minGene 	-3.0
maxGene 	3.0
popSize 	200
maxEvaluations 	20000
mutateRate 	0.01
mutateChange 	0.05
seed 	1554458234082
random 	java.util.Random@1f17ae12
neuralNetworkClass 	class coursework.ExampleEvolutionaryAlgorithm
Training Set Training
Fitness 0.11730921383920705