-2.4298933785236754,-0.399444121932034,-1.0637481453155373,0.8816779675679032,0.17519369414745406,1.2627238780169756,1.5938237671333653,2.553466056409773,-1.0134656441629448,0.45889324030019985,-3.0358794817124517,-0.385396013772661,-1.3555547114227993,-0.5433181735493798,-2.032624108978664,-0.8822379389356654,2.9776716133314043,-1.8597883986832187,-1.657573945767011,-0.7730304295536856,0.5104547442435664,-0.925047861974527,3.870904554344828,-2.6053440256806777,-1.682074854385144,2.529128417146171,-0.6261446814831251,1.668500239634196,-2.3307494374512903,-2.727236444274258,-0.8473308465037159,2.93305396911831,-1.066561352178714,-1.8930890981885031,-1.9888351312469836,2.162970689036552,1.4005609079027064,-2.5334382568914524,1.9586667685103898,-2.8541978479005765,0.3795865107224812,-2.4758919954941634,-0.8699948872568721,2.90793791133804,-0.6206546723471913,2.4587152659660507,2.7536789772741157,-2.483575456382967
numHidden 	5
numGenes 	48
minGene 	-3.0
maxGene 	3.0
popSize 	200
maxEvaluations 	20000
mutateRate 	0.01
mutateChange 	0.05
seed 	1554458010282
random 	java.util.Random@1f17ae12
neuralNetworkClass 	class coursework.ExampleEvolutionaryAlgorithm
Training Set Training
Fitness 0.12598626904404372