0.9165760559108858,-0.44627366382754796,-0.5001786341807517,-0.7922137094633896,2.739778598419732,-0.2522813108369982,2.8848127069786447,0.6525511199150857,-2.0569938282760813,-1.1625529412457916,2.102834515107733,-0.9043557698345344,1.8265717219415603,-2.358538736514755,0.42423645907030927,1.8451080896799381,2.5316261330036838,1.669462921308374,-3.1681713580337583,-0.8065771671177528,2.3152370697757707,0.5003134978796345,-0.030306648308245435,-1.6830110164938623,-2.8907148510685285,-0.2023751467701982,-0.7928014763915039,-2.2052879093486055,-0.1709770435356308,-2.8326609862306467,1.911621167558965,-0.207151971396567,-1.822417416218722,-0.08573427392265334,1.7841134964368341,1.2363165714468305,1.1581023564169455,1.0172092788312712,-1.2975701126263184,-0.8618174318258427,-0.3543609607747351,-2.7350746792977167,0.26285657487234326,-0.24568860201602227,-0.3087939003780118,1.2558054367482303,1.2454022240920644,-2.0049248437025327
numHidden 	5
numGenes 	48
minGene 	-3.0
maxGene 	3.0
popSize 	200
maxEvaluations 	20000
mutateRate 	0.01
mutateChange 	0.05
seed 	1554458404451
random 	java.util.Random@1f17ae12
neuralNetworkClass 	class coursework.ExampleEvolutionaryAlgorithm
Training Set Training
Fitness 0.021053247798693536