-1.389677944567715,2.0036456197204586,-1.7362238717783878,-2.551063881908651,-1.5318720782270816,-1.5265227772686756,0.9277557989393201,1.8113886986005379,-0.11606859399442389,0.6037407517383258,2.4601360504981686,2.0403326236004498,0.6827593394345979,0.3988121922741481,-2.553437946175481,0.7419801101634358,1.7817151861417067,1.5505162600715883,0.9876286925287363,0.16360504987098778,-2.9502398788355713,-2.593127957911964,-1.2339011219989655,1.0072654104872325,-1.7264355495213812,-0.4435092355518327,2.004225906758875,-0.6332297515122256,0.8269587139497836,-0.8783343691895729,-1.6299102306994977,-1.5185699909073624,-1.4986788555822987,0.48240624930633796,-0.4930617450698575,2.3583338630987853,0.9539650021935131,-0.3791957691396638,2.941308520202629,2.402714847386463,1.8935049089258507,-0.3703467730208936,-1.2831616219336743,1.0897373937431463,1.9893019161752663,2.085656780690627,-0.8228026368908035,0.30020174591730664
numHidden 	5
numGenes 	48
minGene 	-3.0
maxGene 	3.0
popSize 	200
maxEvaluations 	20000
mutateRate 	0.01
mutateChange 	0.05
seed 	1554458323612
random 	java.util.Random@1f17ae12
neuralNetworkClass 	class coursework.ExampleEvolutionaryAlgorithm
Training Set Training
Fitness 0.1148596174594856