1.5343412627678041,-2.3618574525392764,-2.7152650712886137,-1.2584013470295365,-1.7020382240798386,-0.19881776254903388,-1.0703957883512623,-2.6609020586735936,0.9198805990194101,1.7132293594219168,2.3195207459719,-2.307850567048465,0.37345443286363944,0.3860552611726193,2.1622820694647613,-1.0393923365228832,0.8497832222113957,-1.3509968968929766,2.2638633095044396,-0.48869045393453514,-2.2211287195766323,-1.2939883610752283,2.2665519291251277,-1.856058784993198,0.4893186895795068,2.0098215034485545,0.20953049636805676,1.9734386710331595,0.7310111358139908,1.6757161720998557,0.04249804291278281,-1.6531808603897058,-1.930789464425679,-2.140154889270783,1.8797956081778269,-0.24997546828358752,-2.1699594925211283,-0.5177300067968884,-1.1548651927847133,0.7255870253537507,-0.5412355447902337,2.959897847765263,0.4734344025871023,0.8560215267030298,1.0996903800946296,1.0183920483249085,2.196984189443853,1.5520512163862978
numHidden 	5
numGenes 	48
minGene 	-3.0
maxGene 	3.0
popSize 	200
maxEvaluations 	20000
mutateRate 	0.01
mutateChange 	0.05
seed 	1554458090500
random 	java.util.Random@1f17ae12
neuralNetworkClass 	class coursework.ExampleEvolutionaryAlgorithm
Training Set Training
Fitness 0.08237169822919721