-0.6874532841192067,-0.9459132951749663,0.517323965934559,0.9032351843755198,-0.46360301001990717,0.013671165017437259,-0.9946189448448803,-0.816888898714669,0.23169140902997842,0.8472460484398903,-0.954579000196877,-0.059115896631367404,0.33218404154003944,-0.06192513436081622,-0.6602251214587647,-0.7775148238958405,-0.6373300977812963,0.2511724781864433,-0.9485958783279926,0.6622720636469717,0.09009222592600637,-0.4022203518330432,0.7866605756813501,0.5029037088136163,-0.4583021894402264,-0.05374947732738784,0.04457345245619067,0.4279334207796773,-0.5163632266663492,0.11763083450246792,-0.6481965696631731,-0.07300320135641747,-0.34245323567675,-0.1840051720699265,0.2358547459091016,-0.5541840557841116,0.05514436181132258,-0.11422402858796095,-0.4131933594103358,0.24403759066429237,-0.21629893238554848,-0.4019463105536379,-0.4309385372365765,0.9401244594230471,0.8975449965290865,0.09085767448170427,0.4615009944044082,-0.11708429800610243
numHidden 	5
numGenes 	48
minGene 	-1.0
maxGene 	1.0
popSize 	200
maxEvaluations 	20000
mutateRate 	0.01
mutateChange 	0.05
seed 	1554478356450
random 	java.util.Random@1f17ae12
neuralNetworkClass 	class coursework.ExampleEvolutionaryAlgorithm
Training Set Training
Fitness 0.05267485234426854