0.734509829285044,-0.11878898313999908,0.4014442005221217,0.5234998006098683,-0.3460881933654443,-0.9228631063819546,-0.4455115946154702,0.4021208045488786,0.5997600814745023,-0.2744701743053426,-0.6920181802565881,-0.2630294188311224,-0.9277335214979583,-0.760798368145349,-0.2587499951093694,-0.5616819231336756,0.2798689789161197,0.7179966412012915,0.7843744287343939,0.08607712132045871,0.8289938547284152,0.8770364695805655,-0.08292607351452097,0.4676955275718002,-0.9463428507202589,0.25215227271251717,0.5197101327543789,-0.9391199912490145,0.012619813972432323,-0.8603639881268632,0.3157780746857082,0.21579937978274272,-0.5630323344397989,0.8754049707183618,0.9818043150955773,-0.4900752720745607,-0.7104603298297456,-0.3980358996080342,0.1160785646773856,0.6704786609772957,-0.4637463372078434,0.5866480492204642,-0.5553973347657668,-0.9551815858357691,0.29265215277648027,0.5301728622025024,0.7023070743643378,0.4720697311179176
numHidden 	5
numGenes 	48
minGene 	-1.0
maxGene 	1.0
popSize 	200
maxEvaluations 	20000
mutateRate 	0.01
mutateChange 	0.05
seed 	1554478053455
random 	java.util.Random@1f17ae12
neuralNetworkClass 	class coursework.ExampleEvolutionaryAlgorithm
Training Set Training
Fitness 0.1271626149674673