-0.9219454912684235,0.8430988739386871,0.323291357552175,0.43313585950469835,0.8914657746968802,-0.579919696340017,-0.1015501853409897,0.44919991283628025,0.8498528133886409,-1.0246218279750645,-0.32466847901032164,0.6518865071560356,0.6688731960647951,-0.7622009206608205,-0.25375108244716227,-0.8237717033821519,-0.699205931183225,0.3143895288094976,0.9197251333280116,-0.7775550571718002,-0.46768590793488246,-0.4067391439589496,-0.66190059441471,-0.9268510895517523,1.0795817798073764,-0.7168731951425977,-0.25360253835718377,0.8629057624654106,0.03270381133909801,-0.37134730834535773,-0.26265741491527134,0.8956220752154791,-0.640543618786189,0.899991848416998,-0.48445570302036683,0.3482628180947765,-0.5470997889663094,-0.5679235372816616,0.5597877241116194,-1.0481099186863987,-0.04340298681770598,0.8894090584078049,0.7818861800096475,-0.2036885495875851,-0.8007146602585555,0.7223098262319605,0.7832149675846356,-0.6109231777419579
numHidden 	5
numGenes 	48
minGene 	-1.0
maxGene 	1.0
popSize 	200
maxEvaluations 	20000
mutateRate 	0.01
mutateChange 	0.05
seed 	1554478117036
random 	java.util.Random@1f17ae12
neuralNetworkClass 	class coursework.ExampleEvolutionaryAlgorithm
Training Set Training
Fitness 0.05863191432761054