-0.5984835972730511,-0.3424469537138042,0.7872654537093033,-0.9463149039196914,0.11391863258021324,-1.049157949110978,0.38747690363875376,-0.4704472838538238,-0.28774851128096945,0.8334851822412914,0.06033637403868744,0.8608087258901214,0.6150266247623581,0.3840975135166104,0.8355278498088496,-0.7694414558193192,-0.838398983579292,-0.9929927763250248,-0.9081490682543396,0.5021872875370383,0.8364544742771238,-0.6660756064932116,0.7377807761505377,-0.40071628216305455,-0.9696850137908406,0.012991160962565917,-0.9382951187646018,-0.6370708506267775,0.48837109758583025,-0.024946678414450307,-0.5702560219747117,-0.9026025606025432,-0.6178726866014668,0.4820625044901303,-0.2884950130964271,0.37919881975997904,0.9346428610556474,-0.42674941947862166,-0.9558058058834615,0.009896614655588068,0.22551256943616882,-0.4906756463444366,0.30026111448033377,0.524992603061271,0.48988729216904847,0.8421017625878207,0.8740057901059495,0.49204373025341674
numHidden 	5
numGenes 	48
minGene 	-1.0
maxGene 	1.0
popSize 	200
maxEvaluations 	20000
mutateRate 	0.01
mutateChange 	0.05
seed 	1554477988369
random 	java.util.Random@1f17ae12
neuralNetworkClass 	class coursework.ExampleEvolutionaryAlgorithm
Training Set Training
Fitness 0.054806640190016576