0.903098305531451,-0.7208150098152384,0.3796407247434548,-0.587227616404737,0.662169713876497,-0.36605796938977275,0.959310309316245,0.25973077786108556,0.8621315230854285,0.9332511672230857,-0.10514611814911685,-0.6111364188745827,-0.530807176089882,0.6825413102851081,0.45100508401912,0.42300727215518247,0.44013589078001686,0.7008783016125264,-0.02179139131315115,0.8824184477317716,-0.8883208441230512,-0.6717074978602275,0.09321395300873299,-0.6635381093968753,-0.2909587848640445,0.3366514941775289,0.18837007193014155,0.0017312049051820405,-0.23903627043950415,-0.374252780521764,0.3691243985891641,-0.3708152477845572,0.11303748896170518,-0.6883742616183823,0.9813220568656482,0.6306307588490325,-0.0025601849209749145,0.04822443014443101,0.7257168974310566,0.28959264076171864,0.6074767295647523,0.5286169913547878,-0.2545135003057102,-0.604126376492208,0.6623045461058714,0.25104891695399134,-0.04427365663077838,0.12903297840980293
numHidden 	5
numGenes 	48
minGene 	-1.0
maxGene 	1.0
popSize 	200
maxEvaluations 	20000
mutateRate 	0.01
mutateChange 	0.05
seed 	1554478194938
random 	java.util.Random@1f17ae12
neuralNetworkClass 	class coursework.ExampleEvolutionaryAlgorithm
Training Set Training
Fitness 0.05528575575268728