0.06362123881076576,-0.6821994633827837,0.32711972083742236,0.5742292322813025,0.7269864006285653,-0.8163608735967809,0.24606548518234783,-0.9619826775522617,0.5091006377911158,0.03678576004151557,-0.38017706932844586,-0.14198489319797628,-0.8200758802601298,0.15888814253550043,-0.7258003878856767,0.15432403164025188,0.20908630434688757,-0.7123603459397121,-0.6565178364021982,0.00846519420504488,0.7269564780879885,-0.9270817655826094,0.8718773457439843,-0.5308808524716173,0.19290805181671394,-0.268911262154677,0.22621146671136488,-0.42051179462485444,-0.5109646566924522,-0.36274268228438666,0.1872175302576246,0.6745722290602918,-0.9549450558117585,-0.7586021519126194,0.38553213780221335,0.5513757990992354,-0.8175051077340039,0.8244141226667776,0.08168348249509871,0.3069153693818114,-0.62395731971409,-0.1222458786617127,0.5647266210302384,0.6828333269301874,0.1921405146966444,0.1883589875467555,0.7439921738294151,-0.24206374079469373
numHidden 	5
numGenes 	48
minGene 	-1.0
maxGene 	1.0
popSize 	200
maxEvaluations 	20000
mutateRate 	0.01
mutateChange 	0.05
seed 	1554478514815
random 	java.util.Random@1f17ae12
neuralNetworkClass 	class coursework.ExampleEvolutionaryAlgorithm
Training Set Training
Fitness 0.07170019302151769