-0.993146846880486,-1.5122109800549444,-0.3402224514697262,-2.367617249444024,0.11026783302361713,1.9544909653377438,-0.8983592479972615,-2.8591871489811913,1.6612568284485207,-0.1807326626612591,-2.7882557250109405,-2.1443128247919976,-2.493560433546004,-2.8130608390202907,0.8222773371366356,0.12150754076316393,1.6826292183068383,-2.6303537075031773,1.3423277261598174,1.8412425566412238,-2.969061787084935,-0.17019745372224515,0.2296791037512943,1.684610999326756,-0.959508516270337,1.3428053865532106,1.3860734142941553,0.09257763063007739,-1.5273751089676677,0.06418097209531437,-1.217354577618523,-1.7732576155377566,2.469616809272175,-2.5462493347152035,2.558055174777466,-2.03580790415939,-1.1883370223990048,1.6155015320368857,-2.811542469093829,-2.3652795466849423,-0.07231189030969479,2.2172109002625984,-1.9110391139736622,-0.4304406752100144,0.994805537729974,-5.692953708035103E-4,-0.7755175826135414,1.5495171655671436
numHidden 	5
numGenes 	48
minGene 	-3.0
maxGene 	3.0
popSize 	200
maxEvaluations 	20000
mutateRate 	0.2
mutateChange 	0.05
seed 	1554473231422
random 	java.util.Random@1f17ae12
neuralNetworkClass 	class coursework.ExampleEvolutionaryAlgorithm
Training Set Training
Fitness 0.01286036040648181