-0.34402630214687774,-0.3474937754269827,1.0704363637034375,0.5190449307381049,1.4946771696782948,0.35607713489835874,3.0447760017209937,0.4602545707806282,2.581942402064916,-0.6694166059875382,1.5542143642847164,1.5063645360288864,-1.8997276772938492,2.998417762332492,2.0777736215930824,1.6519447054898484,-1.1662593667707384,2.4143013274477454,1.8057471466548545,0.542490696593984,0.4216822903485725,2.012240448420855,-2.936521511877591,-1.0164369078941662,-0.3529762354558894,-1.6552220593970128,1.6322973467284851,0.36359327806814223,-0.9223175840578579,0.4951085556546076,-2.9514652537092436,-1.4999099115281234,-2.063648261629715,0.07775306950255277,-1.2517403403240306,0.22577560834966792,0.9134498009898557,0.4314349344892189,0.7585707747447148,-1.0746689140071035,-0.8430189627709317,2.554130859400664,-2.2129528505001295,-1.9212031935079281,-1.3508304905695394,0.22687438999633242,0.21156769049580398,-1.107985689195236
numHidden 	5
numGenes 	48
minGene 	-3.0
maxGene 	3.0
popSize 	200
maxEvaluations 	20000
mutateRate 	0.2
mutateChange 	0.05
seed 	1554473712986
random 	java.util.Random@1f17ae12
neuralNetworkClass 	class coursework.ExampleEvolutionaryAlgorithm
Training Set Training
Fitness 0.09676598252785024