0.5285634668138564,-1.1065406948642151,-1.608673568534111,-2.2290609148498595,0.221782800058608,-1.4453355805278643,1.2279113999741031,-2.053023104813481,2.4767705869918,0.9162124424873661,1.9194355572414854,-2.647337571247759,-3.4167179120049305,-3.2361036664300773,-1.999069575098318,-0.6651409423735875,-0.694916773240476,-0.9871289469549054,2.482916168471439,-2.6192493364370297,0.8636934333623543,0.9933616247748787,-0.022541529040513972,-0.8050065655006031,3.0241065960855167,0.7352232513000876,1.8869326459668698,-0.22837768919497553,0.2989797593043814,1.5997096514891394,2.8858892822088,0.9702683984972449,0.593642344383739,1.4052754325016406,1.5309682605325967,-0.23476925364874496,-2.0923641661687222,2.3553558470871634,-1.0315556584702876,-3.117570620834302,0.7393533608221248,1.8281912491372603,-0.208548413138682,0.6732506816571142,-0.4912913015166179,-2.5849877192102824,-2.4211976575405947,-0.5042194893082443
numHidden 	5
numGenes 	48
minGene 	-3.0
maxGene 	3.0
popSize 	200
maxEvaluations 	20000
mutateRate 	0.2
mutateChange 	0.05
seed 	1554473326168
random 	java.util.Random@1f17ae12
neuralNetworkClass 	class coursework.ExampleEvolutionaryAlgorithm
Training Set Training
Fitness 0.009828365720467545