-0.8518238260869995,0.43195495617845037,-1.8494424909025406,-2.96110868578192,1.1031351761550772,-0.47535972190365605,0.23469866689039476,-2.4820858799541847,2.8936062483119294,-1.5553551492691373,-1.4043528531853715,1.7275481554297918,-2.46955773381132,0.40739860742347406,-0.7158429513776365,2.224839882036817,-1.955582618083693,0.9328325277092515,-0.782393728599543,-2.3067416270285093,-0.22866804260139872,0.33652128366649015,2.3146311780608775,1.8001696447086897,1.47001738199073,2.1031954730261573,1.0894336006927854,2.739478647223833,2.116038776429267,-2.947908603176609,1.865176956717347,-1.6815444090382194,0.18125953889411922,2.3454955047416473,2.9680056220258546,-1.127397458597516,1.289167966771378,-0.008367182220104574,-2.5931033832607175,-2.253551470170553,1.2899668635782513,1.9432030456175635,-2.1330771660398637,-1.2471668795600432,-2.624664018755096,-1.0252209758113062,2.3464578502892044,-1.1144024674386002
numHidden 	5
numGenes 	48
minGene 	-3.0
maxGene 	3.0
popSize 	200
maxEvaluations 	20000
mutateRate 	0.01
mutateChange 	0.05
seed 	1554400898251
random 	java.util.Random@1f17ae12
neuralNetworkClass 	class coursework.ExampleEvolutionaryAlgorithm
Training Set Training
Fitness 0.1302022081432582