1.6398486398053063,0.2068592912463611,-2.571939821030118,-0.4056644431007178,-0.46204717050420124,1.663923398862555,-0.4516757977878765,-2.600477413958366,0.4345472493860978,1.0822159248916594,2.7503759967131334,0.6805841643870401,0.11795898642792084,-0.4608232020634638,1.4965646188681756,2.3359560460951663,-1.1680237921844219,0.38696362539992163,2.4020896913455685,2.3945905635817724,-1.5811649355408302,-0.04483364057935857,-0.4308343490765747,-2.142573881713682,-0.6779745060530922,2.692944563488509,1.8185374960546001,2.465103666889447,0.9254968536441655,2.418389423992811,1.573570743987168,2.7090525772225726,1.0288025510371368,-0.09633722159504732,-1.02158418725362,-2.7253015373066978,1.9397748337764347,2.528761868230217,-1.3208076200021925,0.9750065942864099,-1.4702137376829405,2.6785563722516628,-0.8920047981749564,2.6974193826305113,2.00168972900508,0.24078640968094156,2.2587007276987725,1.3803121341367417
numHidden 	5
numGenes 	48
minGene 	-3.0
maxGene 	3.0
popSize 	200
maxEvaluations 	20000
mutateRate 	0.01
mutateChange 	0.05
seed 	1554400818021
random 	java.util.Random@1f17ae12
neuralNetworkClass 	class coursework.ExampleEvolutionaryAlgorithm
Training Set Training
Fitness 0.1178553887523316