-1.3889369014210917,-2.6431130498845397,-0.21783563272746365,1.8329561947134643,-0.2376888557402797,0.09587155653246278,-0.8338621982595835,-2.728137298836189,1.069556828688473,0.9663049775346566,-1.1037757589613775,2.1134942436069473,0.3276916977803701,2.7608245146205803,-1.9394739178087808,2.74665189209679,1.7395587737711058,-0.9661664670267438,1.872402903367161,-2.0277931057539016,0.7431590158866193,0.6713787430999731,-1.7152197467150014,-1.6576887578130053,-1.7409746322728719,-0.042657376555252924,-1.930935296182867,2.4298902490223053,-0.5179682588343774,1.9143888992167823,-1.782920855217265,-0.3910633848114644,2.8064626533698416,-2.3155008341222234,-0.08702903023708863,-2.26082429276245,-0.701942897021629,0.8847622883320581,-1.803267814686967,-1.2469745844733087,-0.3535383009718965,2.671603015177749,2.4867515816761054,-0.521538617829614,-0.9788486432336496,1.759386086649326,2.0588405262876392,1.8692663839159975
numHidden 	5
numGenes 	48
minGene 	-3.0
maxGene 	3.0
popSize 	200
maxEvaluations 	20000
mutateRate 	0.01
mutateChange 	0.05
seed 	1554401052002
random 	java.util.Random@1f17ae12
neuralNetworkClass 	class coursework.ExampleEvolutionaryAlgorithm
Training Set Training
Fitness 0.1282806191124371