-2.918304384756043,-2.9173323584820645,-0.8965127236019128,-2.928243436144228,0.07302648544129081,2.5864428437396905,-1.1792008244488268,-1.1863535288061493,2.177353149476529,0.6015044172746937,1.0742717394116412,-0.9800896373302019,-1.343619825818445,-2.7397195277877695,0.24153182956813984,3.1340379276441377,-1.3576944792879122,-2.326642440851808,-1.7418958523073247,-1.2010168725702157,-1.8564674262436984,2.438460649630599,-0.6650172457100183,0.4974547736643895,0.5336644642013644,-0.013488460446559714,-2.6952798926590917,1.1587595697900828,0.9054679824368081,0.5722241985556087,1.262092341321283,-1.0044961340418888,2.867877162308327,-1.8397504658563533,1.514046547736988,-1.402703556847354,-2.678915135678273,-2.149461028063158,1.0439952223146516,2.8644131924067135,2.1568567545899695,-0.4442997133337162,1.806160230275692,-1.53060698316707,-1.2258086753837685,-0.32447302684174445,2.437510240840136,1.0289347199805094
numHidden 	5
numGenes 	48
minGene 	-3.0
maxGene 	3.0
popSize 	200
maxEvaluations 	20000
mutateRate 	0.01
mutateChange 	0.05
seed 	1554400724828
random 	java.util.Random@1f17ae12
neuralNetworkClass 	class coursework.ExampleEvolutionaryAlgorithm
Training Set Training
Fitness 0.1059762446140757