0.5615707619402384,-2.0301443529648653,-3.016469129813384,-1.823636588095557,-2.633532461331485,-2.646768709485269,-2.261497397704482,-1.1589876198757332,-0.9369687589626916,1.1405892497149486,1.3292935206983574,0.29623497364943735,-1.380579730868044,2.8174097955774746,2.3437143078186464,2.3430107567781473,-3.040152353274358,1.1431785021559122,-1.918930323543117,-3.030842247065758,0.35251363131970814,2.6235135595243264,-1.295767727941547,0.8984144172818493,-2.467433270326179,-2.017816361637049,-1.0154526749418609,-0.416634507862212,0.8103018284688694,-0.1939027602196287,-1.2402405747679188,-2.2779940811474093,-1.509945581431277,2.3570836946340856,-1.1737565199009055,-2.2285647073033172,-2.410280064158653,2.994022677929598,-1.5207834484805232,1.4405810442738345,1.9096530237606792,-2.8086785070329627,1.9012318743380128,1.5737750507095827,2.2220458453215963,-0.16253460520493412,1.5921595457673874,-1.8599497811979055
numHidden 	5
numGenes 	48
minGene 	-3.0
maxGene 	3.0
popSize 	200
maxEvaluations 	20000
mutateRate 	0.01
mutateChange 	0.05
seed 	1554400478073
random 	java.util.Random@1f17ae12
neuralNetworkClass 	class coursework.ExampleEvolutionaryAlgorithm
Training Set Training
Fitness 0.10194608743007533