0.6787944402559736,0.3875629343542088,0.9430418458971515,-2.2617664386091723,1.950353951572055,-0.880012981827037,-0.7802961992479704,0.5709365403340365,1.2907139000638057,-2.4037677492064162,-0.27979644496361955,-2.337143938572826,1.8040780929003282,-2.910330313044163,-1.1120651707975584,1.8145601093596788,0.7636647073816276,2.6577413081245282,-0.08587682338495091,0.6996677699301601,-2.9062525018332965,-2.438270300184421,-1.0312206781743154,2.0661878975276813,0.6808546117228997,-2.600356122488636,2.2857878086180294,0.06666280835039995,-2.5664425400529813,1.0007724882249487,-0.6116617428075455,-2.875893054335603,-2.01321607504391,-0.5402934364196756,-1.8137103831921813,0.7025095064518807,2.190941886933677,0.9383060743204286,1.3564531369826929,-1.6800553432558694,-1.860371127624272,0.6368250375140176,1.9646234516735708,-0.26417048548725025,-0.6120538815988013,0.5767801511900461,3.036191562531892,-1.1026422756478613
numHidden 	5
numGenes 	48
minGene 	-3.0
maxGene 	3.0
popSize 	200
maxEvaluations 	20000
mutateRate 	0.01
mutateChange 	0.05
seed 	1554400976467
random 	java.util.Random@1f17ae12
neuralNetworkClass 	class coursework.ExampleEvolutionaryAlgorithm
Training Set Training
Fitness 0.1139463445410382