-0.387084009084275,-0.48109739636075394,2.270920233615082,-2.3046796321800738,0.18077115408253813,1.1987136098823972,1.6410184978496707,1.8412482526104386,-2.9362970760541383,2.7655982950685587,-1.4502480937860192,1.8074862802858491,-1.8735005791097,-2.357097938551236,-1.2208927877876574,-0.1882491366991531,0.6255544182971973,2.6947110309306437,1.6542336091830323,2.8011440451412257,-3.025625010481546,0.9782325815912702,-1.365900998529059,0.03480757841038473,-1.5099842849144107,-2.3989571829514045,-2.0843632754026165,-2.2367071270504217,-0.626780574387334,0.3108254110535473,2.30184357082521,-1.6471530140238941,-1.155885810914022,-0.38503632047789166,-1.5399147935214752,1.6233117720670758,1.040154358152627,2.2766965553340137,-0.16589536398207416,-1.5664978690347342,-2.5933798877134002,0.030789448013637075,-0.7021668534161234,-0.6100091959151113,2.6339196828652227,1.9369552950469084,0.5003791868655714,-1.652850212197968
numHidden 	5
numGenes 	48
minGene 	-3.0
maxGene 	3.0
popSize 	200
maxEvaluations 	20000
mutateRate 	0.01
mutateChange 	0.05
seed 	1554457301292
random 	java.util.Random@1f17ae12
neuralNetworkClass 	class coursework.ExampleEvolutionaryAlgorithm
Training Set Training
Fitness 0.1095720436643143