0.4503626895433017,-1.0191785120003414,-0.39151754604187494,-1.613803700514869,-2.941971694284778,-2.278308080943807,-2.986352857931277,2.5617005301851234,-1.7243544265075907,-1.581166092452623,1.0972907011497184,-1.1280126754387576,2.4748101373858864,-1.8377833883974022,-1.9086025691253607,0.768102677908491,-0.9633762137708275,1.056597800479033,-1.5450250309738665,-2.2558898789572925,2.6191606402724608,1.906075267787655,-0.36085986989435853,0.2464329266625111,0.6610038786428087,1.435258032557412,0.918418601303278,2.8932308213968954,2.9289415523586966,-0.4068652486572944,1.8930403645390115,-0.9947571507458983,-2.12386918418004,-2.098573623441933,-0.9045539214576568,-2.380224789326308,2.0261383133004722,-0.5075730166433188,1.4489838841351625,-0.9075454710090676,0.8922293881475367,0.24766391357775053,-0.6295007268869608,1.966981234759239,-0.04959403593546127,0.7444813114852582,1.7515280783113285,0.8761009565525029
numHidden 	5
numGenes 	48
minGene 	-3.0
maxGene 	3.0
popSize 	200
maxEvaluations 	20000
mutateRate 	0.01
mutateChange 	0.05
seed 	1554456822579
random 	java.util.Random@1f17ae12
neuralNetworkClass 	class coursework.ExampleEvolutionaryAlgorithm
Training Set Training
Fitness 0.0942782009420448