-1.9962091089662892,-2.4480282537451012,1.5306799499981611,-1.9823106952242238,0.7892427923543774,-2.6020132052532,2.6219800739167844,2.117676256903949,-2.396989859298227,-2.773584013754939,1.0998684526090523,0.7019920486678417,-1.1621819582077753,0.2494309529095835,-1.6350841685372397,-1.66604955958192,1.0536798541534642,2.571140634972968,-1.2330212981844382,0.6486702856864874,0.6710175695080465,-1.897329292151875,0.04422591867972869,2.8959654286442937,-1.503287675597003,-2.556855448391246,0.03312945325148782,0.003707459393565579,0.46050634535741475,-2.8787468023971208,-2.638282561056858,-0.3114118135448498,2.5395926683106413,-1.4332830107823893,0.9156290841392387,2.8227303446222667,-2.4979103361517065,-1.0165215980007012,0.7546452806975164,0.7503301592061926,0.2978449654654245,-2.170641494448417,-0.5772125957769116,-2.750697072453205,0.01432806456772262,0.7747795217962075,2.724317083164191,1.7414343966027666
numHidden 	5
numGenes 	48
minGene 	-3.0
maxGene 	3.0
popSize 	200
maxEvaluations 	20000
mutateRate 	0.01
mutateChange 	0.05
seed 	1554457606690
random 	java.util.Random@1f17ae12
neuralNetworkClass 	class coursework.ExampleEvolutionaryAlgorithm
Training Set Training
Fitness 0.12724438885523304