2.716317182919397,2.181669867094997,-2.355824897061659,-0.09157399653850717,-2.6111386263033847,1.7600407553562336,2.0457686502891788,-1.8777240605416607,1.3653735707555619,2.364730496720151,1.101314689647154,2.904465261470909,2.4278865016700513,2.4790470278398207,-2.4260834550765487,0.8852082108592318,0.6985519202943262,-2.4163668810739214,2.0816351626937752,2.6069707840676335,-2.7944352118860136,-1.9887075690255804,-2.1737000196244693,-2.9133991585379126,-2.7679495169108805,-2.774580026763532,-0.08975075382704274,1.1445981958450853,-1.2362898755767946,0.45166257870757676,-2.2848572429959164,-1.2204651264962947,0.44777235167078544,-0.7669418774153174,2.283406879509344,2.188913717955801,-0.5133772498405257,1.4562538765905433,-1.0218072431093843,-1.3488187514274974,-0.4581445155843264,2.851656240465899,-1.9042451542448848,0.7132091115475685,2.965090381585666,1.0832422621800228,2.3125356884611197,2.6041765532204106
numHidden 	5
numGenes 	48
minGene 	-3.0
maxGene 	3.0
popSize 	200
maxEvaluations 	20000
mutateRate 	0.01
mutateChange 	0.05
seed 	1554457072102
random 	java.util.Random@1f17ae12
neuralNetworkClass 	class coursework.ExampleEvolutionaryAlgorithm
Training Set Training
Fitness 0.1160500645709204