-1.9103897728775172,0.4444518557949932,0.10547518485173095,1.640873246956468,-1.9073985120294197,0.9600241453142755,2.8027878882434596,2.13750009255089,-0.19695737919594675,0.9373869518885505,-1.507922689049418,1.9345571077635966,-2.5511098273157913,0.6559764570911355,0.5084219178216143,0.40403192482447814,-2.2355781411843596,-2.1888944199133706,0.04553477324397548,1.4824154952623607,-2.6774690497261378,-0.01042762806561584,1.9980175130073246,-2.8183551428341493,-2.706460288156655,0.019352597675761807,-0.04559426135086504,-2.7006193446343154,2.0889926426997496,1.8813920383770408,-3.0010895059280083,-1.913704875291654,2.9373217848186286,1.38529214489902,1.5722978283709796,-0.47153515776249283,-3.521864688612393,1.03868437967939,0.5022516869587064,-2.738617146668841,0.09140294225837105,2.9954171939277767,0.8768800504046721,1.266923582371952,1.9978535385234828,2.5184782509166306,1.0799672173109789,-0.5047880344814539
numHidden 	5
numGenes 	48
minGene 	-3.0
maxGene 	3.0
popSize 	200
maxEvaluations 	20000
mutateRate 	0.01
mutateChange 	0.05
seed 	1554457530251
random 	java.util.Random@1f17ae12
neuralNetworkClass 	class coursework.ExampleEvolutionaryAlgorithm
Training Set Training
Fitness 0.12604718227871464