-0.7344783362814422,1.2783436221678655,0.16309713579580087,1.9537277683037293,1.6926650875518294,-2.85982143095526,0.6972145019191958,2.0579315027628864,2.7434228151840934,0.9128666644752454,1.1629126165372297,-2.050280254808527,1.6732035468875974,-1.42170080472752,-2.327508792782613,-2.53141196956272,-2.243939181253932,-0.8352037342356753,2.839631799093377,1.3241692051782854,0.4256585517997927,1.987927069849576,-1.3819792574593859,-0.4471628085785322,1.8467389862735857,-0.12670963971443872,-1.266403095652115,-2.100048938707646,1.2424588566470867,1.8902405445355244,-1.5005886243039448,1.237082683090744,-2.580668129396581,1.8770504980048637,0.0633974922044005,-0.42634974631140843,-1.794167443091862,-1.5447186514378186,0.5826775974956724,2.041300165370731,0.73916706233269,2.2548980962395166,-0.3453924679162217,0.6238761942154534,-2.208078059463773,2.939117707870696,2.218593390606883,-1.3429265573269675
numHidden 	5
numGenes 	48
minGene 	-3.0
maxGene 	3.0
popSize 	200
maxEvaluations 	20000
mutateRate 	0.01
mutateChange 	0.05
seed 	1554457227629
random 	java.util.Random@1f17ae12
neuralNetworkClass 	class coursework.ExampleEvolutionaryAlgorithm
Training Set Training
Fitness 0.12940786780426805