1.6233456438052194,-1.1478152862447812,0.9881198926944939,2.745849040674327,2.548201965821068,-1.5125727643693072,0.6104497442728967,-1.1614987469134788,-0.9813729601979528,1.023148371046089,2.036656189087725,1.3558784469958944,2.224116237220767,2.857517088750825,2.1300610558002884,-2.412999083668459,0.18353346898874223,1.6749324712591283,1.4757685366075801,1.0664056974950888,-0.20322192921824422,1.8681977892530526,-2.819585779274794,-2.6585165899854273,-2.570050017469007,0.1365900357420104,-1.5367079535030541,0.8177928247257336,2.5770409176513995,0.2589553177138379,1.6674459439183422,-2.3242442780488624,-2.980263271752527,2.1379247602701774,-0.9289663360648948,0.12431066136194886,1.180080784725052,1.2887537196205647,-0.48386894891246746,0.09751913777207336,-1.2254275808367983,0.6997785253378928,-0.29522369074885063,-2.6243907924012975,2.0736960804901,2.2818033394922015,0.8786653544214402,0.15343138789348387
numHidden 	5
numGenes 	48
minGene 	-3.0
maxGene 	3.0
popSize 	200
maxEvaluations 	20000
mutateRate 	0.01
mutateChange 	0.05
seed 	1554457931761
random 	java.util.Random@1f17ae12
neuralNetworkClass 	class coursework.ExampleEvolutionaryAlgorithm
Training Set Training
Fitness 0.06831074303785688