1.6162495768740528,-1.0929277528453771,-2.218634403942378,-1.7372379045490836,-1.7906314406859674,-0.17639585857532492,2.6980058157605944,1.8063543886480484,0.5543097260762844,-1.6426254579542217,1.9169925581240326,0.6401463228181399,-0.7109752676101562,0.7036318230319765,0.35111396265347805,-1.5363216099582162,2.5425466507724686,0.17023685573782982,-1.0548490330457587,-2.506345168462933,2.0552346285743184,0.5832636132610671,-2.467253662034598,2.183368456884522,1.6566488499279128,2.1715625309998794,-0.9643251023902426,-0.7723294619655039,-2.612843497566626,-0.6670445320338922,2.195799927742322,0.6779507080114544,0.42051630017507885,0.04436903539530804,-1.6188944753925134,2.013291254207676,2.2376814855527636,0.4261227386611912,1.1837325611088316,-2.185554714247652,-2.347418661334836,0.9124070568387446,0.1066400607625484,-0.0012348064528223957,-2.205931184107521,0.9151876555869125,2.615705657956334,-0.40960638406923733
numHidden 	5
numGenes 	48
minGene 	-3.0
maxGene 	3.0
popSize 	200
maxEvaluations 	20000
mutateRate 	0.01
mutateChange 	0.05
seed 	1554458164021
random 	java.util.Random@1f17ae12
neuralNetworkClass 	class coursework.ExampleEvolutionaryAlgorithm
Training Set Training
Fitness 0.12214515924739804