1.7193484679377447,2.727364099330914,0.060000499602717555,1.8950807740467943,2.61692944344314,-2.8272580780214125,-1.863731002561938,1.207161403152432,2.2820074699845065,0.8523280549417676,2.121069264325258,2.3714092534614215,2.335231540465,0.08427167524263082,2.2119524638148524,0.34666205081146817,-0.21682745629875433,-2.5840669326204373,0.19150021651550747,-1.3992624757995016,-2.8135822378489252,2.0051208943574927,0.9150998736516907,-2.033071395139768,-1.547704890780784,1.0235879068763314,-0.6078311062601048,-2.5044371191605235,-0.6793434301087911,-2.4044444987988833,1.9853291432569313,2.5646579684026882,0.594778314101089,2.8026583252105866,-1.114834633157016,-2.4862059579757187,2.262671625624341,0.017078351587943727,-0.02041076441311951,-0.5034868443266374,-0.4631504271810319,1.6857954707138074,-2.694487914824906,-1.1354100568742012,2.0114451209328674,2.757861031759057,0.8889438745426832,1.9196529394196915
numHidden 	5
numGenes 	48
minGene 	-3.0
maxGene 	3.0
popSize 	200
maxEvaluations 	20000
mutateRate 	0.01
mutateChange 	0.05
seed 	1554457850504
random 	java.util.Random@1f17ae12
neuralNetworkClass 	class coursework.ExampleEvolutionaryAlgorithm
Training Set Training
Fitness 0.0759302168618079