0.27279180183348817,-1.3218176171597151,0.2339605689733173,0.011344329708748102,1.0581477677904882,-0.9832346298668753,2.838807449473975,-0.8429041748268515,-0.442553062011142,-0.9160435293893116,0.889897400200578,-0.536877619812101,-0.4496342579707856,2.296252895913894,9.573097113735329E-4,0.25920657544682457,1.0878487972234303,-0.6170347366105161,1.586662678898631,0.23052978534590468,2.7986722439680696,0.2602839974805802,1.8097219299960354,-0.7208761515842068,-0.6502125250797104,-1.8770070941549128,-3.4284620899334213,1.926371057513939,0.9551236811456565,1.8513052879812784,1.8995078494242905,0.5725350003033092,-1.2516496631872627,-0.25747813711244044,0.8514246593959414,2.118310912032801,-0.17237659519909354,-1.254024318510756,0.56809454720781,-1.1972143795647,-0.16949811075732474,-0.9885642702548321,0.9280039360046197,-0.6675332873503831,0.5694389766199279,-0.8697397155992805,-0.36420526829276273,-1.0397509720540303,0.6599044925658122,-0.8411883363498494,-1.5102050769821227,-1.20352773759811,0.7174884834529618,-3.0370112446684243,1.8857154852123448,1.6012786636574627,-1.2444574936350983,0.048304914025339485,0.05522154502469151,1.311808282045661,-1.9586894201802105,0.6459039232819597,-0.8949864176888604,1.2124256031187304,-0.1301497699314254,1.3222635220439827,3.129610458422302,-2.6467257673805236,-0.7706446114317451,1.1292960353525525,3.3990003010751177,0.9031706304445376,1.3771484867263444,0.38105896549802787,0.7473911039190798
numHidden 	8
numGenes 	75
minGene 	-1.0
maxGene 	1.0
popSize 	100
maxEvaluations 	20000
mutateRate 	0.2
mutateChange 	0.4
seed 	1554486521425
random 	java.util.Random@1f17ae12
neuralNetworkClass 	class coursework.ExampleEvolutionaryAlgorithm
Training Set Training
Fitness 0.0207243932286762