1.2940636990857366,3.256610077634848,-1.7002869229338358,-0.7842288485208146,1.744786878004581,0.2522130086363914,-1.2428141703053317,-1.4227801054249758,1.2826458965521201,3.756772946397801,1.2923723547842196,-1.939408740902605,0.25196242059682905,-0.38766514796545576,0.05836146755511601,0.931467842610523,0.7388046536435494,0.8508258443441679,-2.1934371277422273,0.05794175655481271,1.0038468746107179,-0.4034545343671651,-1.017658244870494,0.2702690058242599,-0.4881715962245562,0.819038555711073,0.4931028812755681,-2.5906599897521465,0.8060048829990514,0.5126216702270483,3.9197984042251774,-0.2757815488133761,0.4527317296122342,-0.7590073902913707,-0.720458028208298,-0.8417558229113149,-1.02587114845049,0.4634227689059798,1.8090571550574246,-0.945485298925455,0.1341127326997682,0.3969722866815333,0.7670220147111781,0.24158147274431518,0.15879669530590462,0.22489402854532653,-0.7106865134957037,-1.5199153951550164,-0.6763074257541868,-2.705433653142965,-0.039888265842233595,0.12858175438580066,-1.5567541561840614,1.0047589807973154,-2.1936610646933588,0.5949294051326397,0.9607284478601705,0.19465257344839,0.33340737716006963,-1.0093371555415636,1.2158350162026572,-2.3043960756367166,0.9680103472329791,3.2170184107227615,0.6274694934710515,2.089452661617856,-0.7728479020527356,1.2239694701842925,3.1780444124248155,-0.8628627723124815,-0.9537808637575769,0.45379350174675614,-0.5905348824916764,0.10611987899095787,0.6955143339509068
numHidden 	8
numGenes 	75
minGene 	-1.0
maxGene 	1.0
popSize 	100
maxEvaluations 	20000
mutateRate 	0.2
mutateChange 	0.4
seed 	1554486864547
random 	java.util.Random@1f17ae12
neuralNetworkClass 	class coursework.ExampleEvolutionaryAlgorithm
Training Set Training
Fitness 0.015814301439818906