0.6182883627217,-1.7754438960753063,-1.29470785460311,-0.4318080043980491,0.0848003889838419,1.8390462118545563,0.2098428182394696,0.7522969876364576,-0.39984389176372814,1.1490872830725418,-0.8821783325718926,1.815297368897504,-1.0311510842052756,-1.3577916806798107,2.0461134262793768,-2.7365352462912655,1.7455019251701829,-2.0842627960623936,-1.3093132719691596,1.2459704080695846,-1.4638817981880439,2.018426940794028,0.6581528320759267,0.8531388969507514,-3.451850689168701,1.7558434719452305,-3.3562793648623694,0.5404143183082213,0.46407412016481936,-0.9270413081318946,1.613901647529157,-1.845252953399739,-1.7183707442123801,0.14315813241203423,0.5679818758001915,-1.72893043889796,2.037070868834141,1.3229672370908103,0.5455991198414112,1.1992322568427751,0.28849809802682236,-0.20028783879665524,0.10186609115778156,1.8325781990830536,-0.46280304105478753,-0.1666287694264934,-0.2041312331935098,-0.652779028298388,0.8248287294383547,-1.2785836313876637,-1.0189574206276086,-1.0759244135633952,2.367319122707297,1.0548282314645314,-1.3897826297166977,0.24838226598457402,-1.5339857479980143,-0.1465716924366644,-1.573115083791506,0.4817677311730552,-0.5287410589626241,0.1226903051017007,-0.32629597549111206,1.4986950622489836,0.048336165804550746,0.11431324052733521,-0.22233118695975373,-0.6447487532932363,2.7421997821127886,1.9041690267835176,0.481564576416736,-0.9788502679740452,0.6973651217481902,1.267780212066918,-0.21025713687363778
numHidden 	8
numGenes 	75
minGene 	-1.0
maxGene 	1.0
popSize 	100
maxEvaluations 	20000
mutateRate 	0.2
mutateChange 	0.4
seed 	1554485899868
random 	java.util.Random@1f17ae12
neuralNetworkClass 	class coursework.ExampleEvolutionaryAlgorithm
Training Set Training
Fitness 0.010259340866773397