0.1974019552096748,-1.4190737004694431,0.38646940435826604,-1.7155408055407926,0.8580441471862652,-1.2773237261429218,-0.16192315864736495,-4.332153921632005,1.4197010269275392,1.5583872328245745,1.3394361498993312,1.9711505557252647,0.015714107930739518,-0.36618634999017735,-3.1135024830388893,-0.48524913385342594,-2.834068193517563,1.7845842709790223,1.441725974154135,-2.825563449066708,0.2234396496129006,1.006396205390836,-0.4899938321291475,-1.3761089918280764,1.3259486379655876,1.2357821795139732,-0.6691203756702426,-0.9685022156247178,2.3887794189810516,1.072127627986243,-0.9479958764488554,-1.5645952532220622,0.558816060657474,0.07616432964084874,0.5993145133070336,-2.4057213530092016,1.3302208729249614,2.262157961041764,0.9347773395765387,1.2647627944848387,-0.04821281915310238,0.04479782998923165,-0.059974671726962914,0.4681289077503422,-0.2189233097940742,-0.3872522439758476,0.2833756744597459,-0.49562271552445286,-0.47715488966966707,1.3677871848700376,1.451732294611112,0.45015610404356565,0.3990504451380464,1.1738716503522837,-0.6796374947625579,-0.09426171158023,-1.0882212781536869,-2.673527733190867,2.9399485912217105,-1.3418421769077478,0.5405177822656875,0.8894939265330184,2.618089509498341,0.6270973668216546,-0.7087591398670936,-0.05458516701663241,0.3235600326535861,-0.8724478414624397,-1.8034034853559746,-0.7809670149109398,2.221207936493958,-1.6466931200120958,-1.2371228908906469,0.258292329754241,0.36238840002191675
numHidden 	8
numGenes 	75
minGene 	-1.0
maxGene 	1.0
popSize 	100
maxEvaluations 	20000
mutateRate 	0.2
mutateChange 	0.4
seed 	1554486760596
random 	java.util.Random@1f17ae12
neuralNetworkClass 	class coursework.ExampleEvolutionaryAlgorithm
Training Set Training
Fitness 0.02000923236005419