1.9209973888041385,-2.4679050932082114,0.02337236323559938,0.24825468535486994,0.07692937625632357,-0.971414060794106,0.8476348491532693,0.836413718369101,-0.39082587394087515,0.7642450055402823,0.6845557898286327,0.14915376868925306,1.7025251491472972,1.3104912968249716,0.2243655040072221,-1.6409476653018977,2.391233398299323,-1.1653598834426795,-0.06438995471052267,1.278525092392007,1.1964433692934144,-0.21008827133312685,0.47720859035214175,0.04294669234313914,-1.9516033755241085,-0.12834185620798155,-1.071491720738036,-1.1105992757873486,1.1323509714300926,-1.42173655657433,0.9643453003877112,-4.009805430144898,-0.29130012222580554,0.9251842433790003,-0.5183395231376842,-0.13399786013198045,-0.5265890270586567,1.2411830634956391,1.279397891282769,-0.5566138207300113,-0.004001305263191701,0.3233227681121401,-0.9923832045539536,-1.208359295190984,-0.8575972343995715,-0.47573808418293234,-1.4506308873724216,-0.24791504004124426,2.2779873361282545,-2.7607704151845764,-0.7209935599197963,-2.4151679900059126,-0.28514107014529383,-0.542569138912742,-0.13188801624195456,1.6450223047102062,-0.6291383728575924,1.8912321631211897,0.477688601727538,0.1724361750294207,-0.21699938007924846,0.29038289144043367,1.2971986270967313,-1.3757156671208115,-0.3015734008045714,0.03158502449763234,-1.3120498474777413,0.3366225916440631,0.5541078041380474,-0.012265907402311316,-0.39321052142292967,-3.6529751608584284,0.9758686125322388,1.6722119775565112,0.039177062120054174
numHidden 	8
numGenes 	75
minGene 	-1.0
maxGene 	1.0
popSize 	100
maxEvaluations 	20000
mutateRate 	0.2
mutateChange 	0.4
seed 	1554485735858
random 	java.util.Random@1f17ae12
neuralNetworkClass 	class coursework.ExampleEvolutionaryAlgorithm
Training Set Training
Fitness 0.01791764766130821