1.561910949002827,1.2225402071233178,1.7919091001510878,0.2874423685836048,-0.1895442731710988,-1.8474082427550995,2.7015497395968797,-0.46092698641009644,-2.9759533978852915,-0.03848295889730036,2.336053438791386,2.696246803238844,1.2802106891124236,0.302182520892919,0.7427526103526283,1.9985550586899812,1.0239329886966866,1.972987688591431,-2.2794267374399757,2.9642999743141134,1.3611988474881802,-2.6669044254379353,1.1458709751618552,1.295297540562271,-1.6433471816469594,0.9606606050466278,-0.5003478402243671,0.9905087938840156,-1.7552527293934772,-2.882665826333546,-0.3223317474716752,-0.16642896566752247,-0.7036918948583522,0.19654010867545324,0.9858963232020681,1.8413721118192496,2.585388271838437,-1.665834528790032,-1.6701811355678895,-0.7079436143973727,1.1502935709656585,-1.7739570485694154,0.700525245772381,-2.871922716470045,-0.3463394180286638,-0.11794059078550401,2.8309924010646066,-0.6266407842779464
numHidden 	5
numGenes 	48
minGene 	-3.0
maxGene 	3.0
popSize 	200
maxEvaluations 	20000
mutateRate 	0.01
mutateChange 	0.05
seed 	1554460914996
random 	java.util.Random@1f17ae12
neuralNetworkClass 	class coursework.ExampleEvolutionaryAlgorithm
Training Set Training
Fitness 0.1187568863575729