-1.9469271690595098,-0.20216402276160128,-1.6694169452587695,2.4810058924321954,-1.70857320636802,2.044546376008875,1.2668246966395946,0.1013326157002246,2.4503547664144296,0.6499422615612882,-2.6572353832482984,2.235769580888986,-1.162203868522,1.3395160626344518,-0.6591479534810702,-1.066399550355702,1.646223581071478,2.211140444848237,-0.42186196615209254,1.5005826167534853,-1.171570592634935,0.2434764347500213,-2.0733084015052676,-1.352799802350684,0.3163727409344606,0.34874345889710007,-0.65243385138229,0.6971212659177444,-0.8030342616659409,1.8775829127086074,2.711881640338139,-1.076847916376384,2.1500126497218535,-2.712542786442768,-1.6256174301029478,2.3910451185148007,-0.7895345367767308,1.7309249328172231,2.490849885917438,1.4405113119304094,-2.790432600613584,1.3762757137355472,0.03585758436786897,1.5559194060808232,-1.2651604928065412,2.209973658161112,0.7911611494615971,1.1294543195639566
numHidden 	5
numGenes 	48
minGene 	-3.0
maxGene 	3.0
popSize 	200
maxEvaluations 	20000
mutateRate 	0.01
mutateChange 	0.05
seed 	1554460687575
random 	java.util.Random@1f17ae12
neuralNetworkClass 	class coursework.ExampleEvolutionaryAlgorithm
Training Set Training
Fitness 0.1052775705715126