0.5862956400891628,-0.5400046822572664,0.012886086958969825,2.0725325246195974,-1.075394813618082,-2.806431062529012,-1.5309903668460465,1.1678543941482076,-2.5530453021869244,-2.0524525941490324,-1.4235974014141095,2.447856007744565,-0.9371914013619178,-0.08639419111297464,-1.6622990085379754,0.7727549923199306,-0.07030597942199748,1.9725982677207707,2.254219428347895,1.616106847634969,0.12753550499250033,-1.5546819036545758,-1.6335992968538116,-2.758929024245269,2.4098691868995568,-0.9146750103916554,0.09500081736903694,0.4563755066498789,-2.176778355106971,0.8316123935191992,1.4577357070875996,2.025581711708937,0.6793383085851781,-2.765639397238651,-2.6960774765094824,2.8605710634639365,-3.210671382198441,1.3345943902965767,1.8891905716173056,-0.23776039929911008,0.39897378107738246,-1.8599129526116922,0.13425056694407617,2.7473411917148756,-1.7615080511031003,2.0115937002761086,1.1224078573297522,2.063758727336868
numHidden 	5
numGenes 	48
minGene 	-3.0
maxGene 	3.0
popSize 	200
maxEvaluations 	20000
mutateRate 	0.01
mutateChange 	0.05
seed 	1554460540183
random 	java.util.Random@1f17ae12
neuralNetworkClass 	class coursework.ExampleEvolutionaryAlgorithm
Training Set Training
Fitness 0.09543608576640511