-2.1712632336222395,2.069228111743196,2.448647031502068,2.9482550767697777,-0.7216776902958038,-2.1448733745473016,-2.0381831289970638,-0.7982526963671672,0.9330331421066413,2.693247670331476,0.48017361608116643,-2.2303422501749957,1.848773105758891,-2.9453269266240607,1.152705785552297,0.1764929954841481,-2.3263882143528254,0.28789864966654655,-1.6438404748552156,-0.6530558215573308,-1.1226016032961004,2.806810231403955,1.99482089743989,0.26972255583267374,1.3823793197751382,-1.8857071737315727,-0.6498495428008944,1.6556960197472392,-2.924443152275747,-0.33516877574241377,0.14093801317218163,-2.022473535334062,-1.8498369599868625,-0.9660311398293946,1.24214311554886,-2.1600801130953715,1.7467704934419181,2.713750751566849,-0.7206708100611936,-0.9063022145332429,-1.4529845398059942,2.037250169624228,1.6570852947073993,2.8900651362585403,1.1474697173105577,2.4451068308953046,1.177097778891599,-0.342804903560753
numHidden 	5
numGenes 	48
minGene 	-3.0
maxGene 	3.0
popSize 	200
maxEvaluations 	20000
mutateRate 	0.01
mutateChange 	0.05
seed 	1554460757978
random 	java.util.Random@1f17ae12
neuralNetworkClass 	class coursework.ExampleEvolutionaryAlgorithm
Training Set Training
Fitness 0.13162097835562706