-0.774890796940428,1.6111163529120895,0.30744038090654296,0.20700260739439413,-0.034369305379994275,-0.5114831115588543,1.861612972522331,2.0970746922184684,-0.8010995326016936,-1.3916853915413379,0.874044204041349,2.8695121632569482,-0.6131530143732498,1.0149471102885754,0.4337335590586109,0.8461328449425967,0.6539021508108491,-0.17015463025110583,2.320202888757471,1.6631592467229177,0.5598468310044484,-0.6956259031404548,1.2514424860410975,-0.46660667954830504,-1.3780689648340516,-0.3468865020989855,1.535699772141987,1.07008012963295,-1.3091303102198224,-0.9578138581924418,0.1459734209655057,-0.34338021404470065,-0.27194828591931586,0.2722934789898288,0.1945599804850614,0.03363216398142854,-0.30229500861846664,0.10376002969120907,-0.358728911499042,1.7154264972297346,-1.3031443669314797,1.4618491368065611,1.575650196692152,1.95999194433428,1.1488770162382458,-0.6892398056619101,-2.4515254462292893,-0.034350763130623685,1.5508527879018317,0.4648450905595981,1.5505074176997848,-1.8957421676028634,-1.3326485055451005,0.3349792580493806,0.9820536382215662,0.7354560449937433,0.4594775380718381
numHidden 	6
numGenes 	57
minGene 	-1.0
maxGene 	1.0
popSize 	100
maxEvaluations 	20000
mutateRate 	0.1
mutateChange 	0.5
seed 	1554386738891
random 	java.util.Random@1f17ae12
neuralNetworkClass 	class coursework.ExampleEvolutionaryAlgorithm
Training Set Training
Fitness 0.014115846907285888