1.0907722954092256,1.1181438367994954,-0.9476477807671371,-0.4649936739681164,1.1664538010033332,-1.4895641799163606,-0.08172784989448545,2.476621898491416,0.8318474048881344,0.6120261928640203,-2.03931862977489,0.20303579775222214,1.9029476968640056,1.2089501749953633,1.226586252791595E-4,-0.3821888883693134,-0.6809348715484995,-0.44992222603258225,-1.3335041908895828,0.04442843343502845,0.9165372783107935,2.302624461342338,-0.42032095322797103,-0.8902078644485472,0.5470067796158813,-0.8051902769015811,-0.542593309583386,1.0428285548632754,2.8407432205507313,1.5497584231417338,-0.27831900898057615,-0.3305531536092722,-0.16513107243014125,0.32479886733921737,-0.14236466467386727,-0.673267802053531,2.2988980397854557,-1.075281801216967,-1.405383337685282,0.36690865786791055,-1.8244739931682425,2.5839639951599644,-0.37339797582198886,0.726155657068793,1.95626865480591,-1.6261673605826386,-0.09332243951219499,1.313515233188277,0.08858999078484886,1.0570103418006136,-0.2858546208129261,-1.025329379485346,1.3242918755900608,-0.546731960236297,0.2566639025757058,0.7083268051203351,-0.5267564946466841
numHidden 	6
numGenes 	57
minGene 	-1.0
maxGene 	1.0
popSize 	100
maxEvaluations 	20000
mutateRate 	0.1
mutateChange 	0.5
seed 	1554386585181
random 	java.util.Random@1f17ae12
neuralNetworkClass 	class coursework.ExampleEvolutionaryAlgorithm
Training Set Training
Fitness 0.03948650892647302