-2.4081236012638523,-0.28155616196787603,-0.3722803149346423,-1.708118178742513,-0.7656360963499269,0.39187752597036385,1.232612218813689,0.006798217014844843,-0.5018744134989006,0.03482180898953785,-2.479365139607497,0.5748176984383837,-1.3304164366511932,0.10340682376755361,-0.4533676261906167,-0.5223138992125217,0.2322511230823151,1.032257371294612,2.4632718429466984,1.6257480300414806,-0.6401480785138594,-1.0502784622646555,-1.1735022227887673,-0.07120847716498546,0.9405025395260738,-0.14688900643083552,0.7225925740397123,-0.27391988295229214,1.0037821336249677,-0.7307531330926977,0.3934019770225849,-1.1284443978424428,1.602598350110406,1.3004397740717577,0.026529601847774753,0.43008138726861445,-0.8870356613402942,1.340953550572817,0.3418404716136375,0.12403586107464115,-0.14128586385155872,0.289581996016399,-0.023401201630726565,-0.8521135782607066,0.7806183312563997,-0.41485410303628234,-1.4113077129720817,-1.1992698317900312,0.8384745016223325,0.8537899769750033,-1.4493454974789952,0.9748465197219499,-0.8377552340599519,-0.26629428299017854,0.7083017553402102,1.5415666048006367,0.3367964598576467
numHidden 	6
numGenes 	57
minGene 	-1.0
maxGene 	1.0
popSize 	100
maxEvaluations 	20000
mutateRate 	0.1
mutateChange 	0.5
seed 	1554386662607
random 	java.util.Random@1f17ae12
neuralNetworkClass 	class coursework.ExampleEvolutionaryAlgorithm
Training Set Training
Fitness 0.027835812700541668