1.4149233665047736,-1.569417437218804,1.4903298237612033,0.6407817624616573,-0.5788164781439814,1.4579708415754846,-0.058150277227638714,1.6762136630031863,1.1194546862974535,0.35022509969712096,0.5322847569060261,1.181325975795603,2.335478995344929,-0.6425145321581918,2.974751765575813,-0.9689445189903905,1.2252977191870742,0.1634769959179146,-0.7858344226720846,2.7279076028105567,1.4515949250459723,0.7496833080731033,-2.4028060354549554,-1.4621414322975856,0.47198085502694914,0.47178389348821426,-0.40680212686698447,0.15938251784181467,1.7026398191981964,-0.9866529935608765,-0.22300632027094847,-0.3330799961981452,-0.14421376484915377,0.26459825883685995,2.981335763034251,0.3253705110891385,1.3789367451534056,-2.273778517262119,0.18338552571220684,0.71359128980368,0.6331033882485928,2.9826709510080294,2.099042527447617,-1.8444379390066468,0.7887421183656826,-1.1848774131138948,1.2921322688145382,0.8495222071898247,-0.05292239388313952,-0.6888414238648641,0.2862316222465156,-0.34814795337953,-0.9884220878276964,0.6866011982395852,1.5595024569968763,-0.49514728881662523,0.24434475159340752
numHidden 	6
numGenes 	57
minGene 	-1.0
maxGene 	1.0
popSize 	100
maxEvaluations 	20000
mutateRate 	0.1
mutateChange 	0.5
seed 	1554387367111
random 	java.util.Random@1f17ae12
neuralNetworkClass 	class coursework.ExampleEvolutionaryAlgorithm
Training Set Training
Fitness 0.009413606368131298