-1.623263484911206,0.15296350741643527,-0.3349909028225837,-0.25922544992271335,2.753188110425592,-0.34371793457654937,1.588500797533646,1.632817801144541,2.0602495339011804,0.19028204285666928,0.14033044770673786,1.4185175728512118,-2.5772502171242424,0.30998682319213033,-3.5404072287948596,0.5404760538999901,2.0382931115932936,1.0014878099312865,0.08669335526790434,3.7358701871507316,0.09710112729680792,0.7198849325950071,0.2811447237091326,1.6574949491533426,-0.08943352318015696,-0.4054677109488881,-0.03677086752062286,-2.043933501875526,0.5416654634621456,0.9554223289114252,0.8192585217000836,-0.06242651625092843,-0.20660728981779175,1.436506908360808,-0.45307696719028034,-0.10058581262613858,-1.7942717098301695,0.7254368874330874,0.2717975799028254,-0.1839597905342314,-0.23386579451119893,1.4286240175433371,-2.0730594028495037,1.7233358402235408,0.4972943031869441,-0.646740155552585,-0.901424667242067,0.23968803274786077,2.0721299318210553,-2.131597507139738,0.06096210634973709,-0.8672709368864107,-1.1952271790293314,1.3575459727844417,0.9115204160246004,-0.21672867024295206,-0.17702404249720471
numHidden 	6
numGenes 	57
minGene 	-1.0
maxGene 	1.0
popSize 	100
maxEvaluations 	20000
mutateRate 	0.1
mutateChange 	0.5
seed 	1554387222905
random 	java.util.Random@1f17ae12
neuralNetworkClass 	class coursework.ExampleEvolutionaryAlgorithm
Training Set Training
Fitness 0.012031981096196742