0.311905961957449,-1.7488096377296678,-0.8605214833141743,0.8538166627261703,-1.4582700772419406,0.3371870158728279,-1.2221317850020066,-1.5337757880392455,1.9629248742699805,-1.284522520585442,-0.04758951882499618,0.12976258615418246,1.1018296356206823,-3.5483508196101243,-0.44950827422544026,-0.21769038321898415,-0.9166835994258322,-1.1706024214095136,-3.261330099168008,-2.5119621381524424,0.6763405076803279,-1.0915930490533547,-0.9676164495083173,-0.1384838472717212,-0.8862778051135886,0.9591637302695423,-0.052483158629931914,1.2764195231119477,-0.7365588532528153,2.2501569841004745,0.011950100494851734,-0.6961146240325051,-0.2775112127681376,1.5489091956355079,0.40933367874374005,-1.6546103577560514,0.3748562058439502,-1.076378721332482,-3.0408657852626675,-0.853474668492225,1.9140703802654655,-1.453040228889896,0.12196006427430917,0.3548732734888791,0.6095972998678041,-0.7420943176154768,-0.8916487865901044,-1.362591948163512,-2.1119374771075026,1.4163134482985498,-0.9221942888256546,-0.3829021488313096,-0.3791032265975459,-0.3928750587265726,0.28795947034192776,0.9929412150114647,0.3226128863063463
numHidden 	6
numGenes 	57
minGene 	-1.0
maxGene 	1.0
popSize 	100
maxEvaluations 	20000
mutateRate 	0.1
mutateChange 	0.5
seed 	1554386831557
random 	java.util.Random@1f17ae12
neuralNetworkClass 	class coursework.ExampleEvolutionaryAlgorithm
Training Set Training
Fitness 0.009897096219367626