-1.0867465606691955,0.22718581272749677,-1.0740869667277237,0.08076212832305524,0.782786722827157,0.9793102768170163,-0.6265599540031508,-0.09150943565861902,-1.711756088181096,1.2382783344549735,-0.2780762903545752,-0.8600702203454367,-1.470646454036161,1.2287093208184008,0.09928158798880526,1.2185301627237732,0.23844989835364322,0.10748121339533806,-1.2339525550077806,0.3841035216229714,-0.42043237484695695,0.7560611020579724,1.53798192879551,1.3148482457420552,-0.2780604940867861,-0.2674701236470738,-0.6283051381886353,0.09984827322032286,-0.37020925503012597,-0.8385159558621464,-0.7479239727440155,0.6275895161157867,1.2976679585814304,1.1914668195715268,1.0258256004842874,-1.0773367897045636,1.1829351672059718,1.7347268616011133,-0.9040899166644489,-0.44840832905920763,-0.6899616709010088,-0.8723229697230497,-0.3912329640762782,-0.6255734640192838,1.0565486654392935,-0.08273446081031632,-0.2618136873670042,0.4907903587121545
numHidden 	5
numGenes 	48
minGene 	-1.0
maxGene 	1.0
popSize 	200
maxEvaluations 	20000
mutateRate 	0.1
mutateChange 	0.3
seed 	1554481621965
random 	java.util.Random@1f17ae12
neuralNetworkClass 	class coursework.ExampleEvolutionaryAlgorithm
Training Set Training
Fitness 0.09222007946352001