-0.28974657984853,-0.9754978893673691,0.15966725547648924,-1.5581358165391415,-0.8775702956167248,-0.38348315780212744,2.296719800500119,1.9359148974643379,0.26497363101528837,-0.17441419083772997,-1.517416437554466,-0.3703049845836482,0.6462425360014703,-1.6277598636218191,-1.238643060912123,0.1880514870859487,0.6678550672292554,1.677666458655037,-0.48648310813881546,1.5162453782725074,1.039603788893641,-0.05719928758575399,-0.08190914947252648,-1.174067203995712,-0.10963978948234304,0.023414557560060945,-1.1770678999000481,-0.2597135564855702,0.23702217073567117,-0.1294536606825985,-0.3504688328562236,0.9756524038789485,-0.020577423617920476,-0.015541947952467716,0.47634207036872755,0.49317957716442823,0.0753722074904623,-0.3493678705357642,0.6660483548042235,-0.619570949907089,0.9021522315433357,-0.2357058972408937,-0.3719555910028232,1.432969219611281,0.7455087398057805,0.1150612884474963,0.029732187159053347,0.6950122243499353
numHidden 	5
numGenes 	48
minGene 	-1.0
maxGene 	1.0
popSize 	200
maxEvaluations 	20000
mutateRate 	0.1
mutateChange 	0.3
seed 	1554481266455
random 	java.util.Random@1f17ae12
neuralNetworkClass 	class coursework.ExampleEvolutionaryAlgorithm
Training Set Training
Fitness 0.008463250098170111