-2.016673793725106,-0.8867443531922894,1.205027305926915,0.23731781214773034,-0.96703468615424,-0.05747195455091958,1.9783936989180309,-0.3383890202303257,-0.39198770946703465,-1.236806243431865,-0.20987075851828202,0.2541603957907388,1.2111845915599018,1.3126211939253374,-0.29081527426818893,0.8345268740122984,0.6416669182413566,0.023792533596287302,-1.356039471523658,-0.15536648458143693,0.055941485230702415,-0.2959622269670162,0.6782418218378155,-1.0057382115711644,0.12590590578126065,-0.16707338773637664,-0.1539927986267109,-0.6429089205375966,0.3248033623910385,0.1879464456994674,-0.832619166825225,0.6882380460739914,0.8149410125945231,0.43363570983607974,-0.113253078550977,0.6410400122574897,0.4569889366042333,-0.06888757388321853,-0.05929197158540045,0.3186595154684418,-0.9228243912938532,-0.1617800496566793,-0.6621056885885694,0.30088963447351014,-0.09080314018090607,0.005321677150252335,0.18072208125106776,0.2736428556596054
numHidden 	5
numGenes 	48
minGene 	-1.0
maxGene 	1.0
popSize 	200
maxEvaluations 	20000
mutateRate 	0.1
mutateChange 	0.3
seed 	1554480728270
random 	java.util.Random@1f17ae12
neuralNetworkClass 	class coursework.ExampleEvolutionaryAlgorithm
Training Set Training
Fitness 0.018918018609514496