0.7061892223541697,0.046285984216894394,1.540159491365928,-0.06070732471257001,0.9543569188682821,0.9576339076351577,0.4619940290867209,-0.22667383081908438,2.3594283529285827,0.352010815065736,1.441137852394449,0.3384837224344795,0.93536760227665,-1.4410834713451839,0.5846419940079264,1.4989277320302947,1.5008958697336146,-0.6208878836689959,0.4850820663447574,1.5395235918752344,-0.44626086134551035,-0.017491411993901695,-0.1533082466323903,-0.35140062676423917,0.5046233687238011,0.1687996693805754,0.5080300636098221,0.08946188244011544,-0.17535294286285985,-0.45650688328307276,0.24185455545368295,-0.5943336970832251,0.06702153240614794,-0.15736294580135946,-0.43580429476945665,0.9865060150319489,0.22004377623086685,-1.8075575493489622,-1.1517389381834384,-0.8540509355951531,0.693577131246873,1.4851018362550104,1.589425822496907,0.1705404274782365,0.2973458921941965,0.397118944721433,0.6255970413563956,-0.009696484264646754
numHidden 	5
numGenes 	48
minGene 	-1.0
maxGene 	1.0
popSize 	200
maxEvaluations 	20000
mutateRate 	0.1
mutateChange 	0.3
seed 	1554480823802
random 	java.util.Random@1f17ae12
neuralNetworkClass 	class coursework.ExampleEvolutionaryAlgorithm
Training Set Training
Fitness 0.01237435905208046