0.8465858643654065,-0.38514558116725395,-2.1993124436396836,-0.001452286659191726,-0.35312885166371055,-2.326464288757287,0.8434068800658754,-0.4005293135091059,0.20068993766662135,-1.8719414401058945,0.5483730915777194,-1.6076880868454984,0.04349245735551022,-1.8705928819483835,-0.278526810341162,-1.0333968046924855,-0.2055627518355001,-2.045917450216229,-1.8170074628944861,-1.9860437025992261,1.3149937990644407,-1.4445038906674084,-0.3947959278113966,-0.621389960119948,1.29218424100093,-0.22237406896664358,-0.21682795891860063,0.12378765313370765,0.4555089888013206,0.3369561981934286,-0.12308359188187667,0.27554610305154514,-3.189570069143646,-2.569331110638088,-0.8818359249864063,0.18900255025398738,-1.4923865237744298,0.14351347098462353,-1.007510907338267,-1.1724726496555857,-0.7340378485433643,-0.2972687936437213,-0.5122761311824662,0.1536933632848101,-1.371206366047004,0.5698647981695073,2.6421008821800878,-1.1985221404216677
numHidden 	5
numGenes 	48
minGene 	-1.0
maxGene 	1.0
popSize 	10
maxEvaluations 	20000
mutateRate 	0.2
mutateChange 	0.5
seed 	1554306435566
random 	java.util.Random@1f17ae12
neuralNetworkClass 	class coursework.ExampleEvolutionaryAlgorithm
Training Set Training
Fitness 0.10641861956799625