-0.9995408078436616,-1.2373592602462027,-3.2680973857975113,-1.099396421848491,2.0440128260680153,-0.4023605629211888,0.040610195487286394,1.134750835255688,-5.061250501251941,-1.6258701846486074,0.7471818614966481,-2.096454179728715,-2.7907658740429855,-1.8720853514715696,0.8360177178963468,1.1183778349110873,-4.363992447881204,-0.14567502828740908,1.5929250316721602,-3.4310048380412805,2.6237850480750473,-2.445450763329326,-0.7092699445297672,0.5609256767289699,-0.7475456635418121,-0.2146494720793637,-0.2832699693350571,0.11287251676813503,-0.054140561711080615,0.48033769098868273,-0.42531988563772205,1.9462791028806148,-0.9964375114985791,-1.1147469132320258,0.12862207311330853,-0.4543181413969599,-3.4761650787900464,2.1903121151864386,0.45989656791802025,0.6557137113070612,4.104650990859613,-2.0697609591687423,1.160748701080751,-2.1095650836539344,-3.1147882227738926,-0.6026965126356334,1.378950199730756,0.5260493785428955
numHidden 	5
numGenes 	48
minGene 	-1.0
maxGene 	1.0
popSize 	10
maxEvaluations 	20000
mutateRate 	0.2
mutateChange 	0.5
seed 	1554306302658
random 	java.util.Random@1f17ae12
neuralNetworkClass 	class coursework.ExampleEvolutionaryAlgorithm
Training Set Training
Fitness 0.008577246225202041