0.7887362261866653,2.2582033723431545,-1.0134132587541043,-1.836961908047908,1.1446562948832462,-0.38241243200515607,1.5631268161959302,2.441550351741483,-1.9565262762625197,0.6690088366616604,-0.33479774652509753,2.3907072150929256,-0.8596541705675553,0.7696596002330993,-0.15692787232950645,1.088364588624102,2.4670275730785893,0.05522238642253674,4.627478341172453,-4.176172274338079,2.6928437523446425,0.29689824900119954,-1.9395800458445858,-3.2693709189109184,1.1250891154382632,-0.25359421560369566,-0.2591042209269583,0.27158645245840796,-0.4117530946669574,0.40527275283134756,1.075289713637175,0.8051270017215377,1.2639368257779977,0.6963345175206419,-4.249317864065118,-0.1639731833219229,-1.712324635199265,0.20438488094892504,3.9446368256881508,-0.02799845816786517,1.437487907993919,-2.297091598604686,-2.5583103344244926,3.241237890988562,-2.269891863565123,1.400304699533967,-1.3040929667634822,-0.8142782109192412
numHidden 	5
numGenes 	48
minGene 	-1.0
maxGene 	1.0
popSize 	10
maxEvaluations 	20000
mutateRate 	0.2
mutateChange 	0.5
seed 	1554306090601
random 	java.util.Random@1f17ae12
neuralNetworkClass 	class coursework.ExampleEvolutionaryAlgorithm
Training Set Training
Fitness 0.008803934122201837