2.9265003987864424,3.115938686487115,-1.889146801845111,3.3480079414096338,-0.187160175999878,0.1460173892192227,0.14972526968953037,-0.8153293383100566,-0.04735051830373682,-3.4117660756365678,-1.2822248331822277,2.127085662106253,-0.4832117835833387,2.77496956117659,0.8690849194936352,-0.1500833716955543,0.7792829118239475,1.4304983270100302,0.7201166792263716,-2.091912550953505,0.2630255230283014,-3.671037662124893,-0.671228423299008,2.302473217498341,-0.31856819866551556,-2.810575217922776,-0.6144471168777237,-2.194107044441745,-0.41616302374172776,0.030717884839955856,-4.741599998210459,0.31997260468599653,-1.729392123915888,1.3201313312007794,-2.3777897311080096,1.4786082509296348,-0.1306925666131249,-0.3832386191389925,1.477720505223969,2.1318222006788363,-2.2773105398036875,0.4856901427062654,1.3596444209922074,0.41004149151152824,-3.7453070068073973,-3.2551280535097984,-2.607104058461325,0.2555632595796107
numHidden 	5
numGenes 	48
minGene 	-1.0
maxGene 	1.0
popSize 	10
maxEvaluations 	20000
mutateRate 	0.2
mutateChange 	0.5
seed 	1554306510036
random 	java.util.Random@1f17ae12
neuralNetworkClass 	class coursework.ExampleEvolutionaryAlgorithm
Training Set Training
Fitness 0.015586732082555992