2.5518294422417376,0.3881643168611183,2.0160667422277045,-2.041700935032183,0.21707283720461268,0.3701007534799102,0.20793609125493961,1.9088948602167735,-0.17914305972228217,1.6074698658212014,-3.143309553661784,2.4090126711416575,4.266075365514817,-0.7204917198635781,0.7927157883967377,-0.5452603033519352,-0.19412619475860338,0.08494699498487412,-2.1019563379710346,1.0719966648319215,3.227114934722413,2.112714935332496,0.34429577225978397,0.42089681151136416,-1.0215561250990843,-0.9808833303088632,2.7764420665747185,-1.1648767973104643,-1.304892096565987,0.07673734925569864,0.40521702113474145,-0.13916345622099535,-0.07984216774406278,-0.24089620126381406,-1.3331871859865287,-0.2276304670106949,2.980053818241214,-2.318833662281376,-0.21118605989048472,-2.39500634645546,-0.8383560716926102,1.2260773014040816,1.5567988676932158,-1.8377953328849366,1.7667317884621927,-0.7620465082213103,-0.9882835775130345,2.7621628392392727,1.568806214753508,0.3038333159628475,-1.0697033747195785,0.789626694573403,-1.1314220733493494,0.15237508254875187,-0.15172016608216898,0.03747981448717963,-0.08366463596376916
numHidden 	6
numGenes 	57
minGene 	-1.0
maxGene 	1.0
popSize 	100
maxEvaluations 	20000
mutateRate 	0.2
mutateChange 	0.5
seed 	1554382199357
random 	java.util.Random@1f17ae12
neuralNetworkClass 	class coursework.ExampleEvolutionaryAlgorithm
Training Set Training
Fitness 0.011342833241350159