1.4791287173802639,1.015200710380919,0.30381386485034034,0.4786220748888713,2.06226432007716,1.0361669802027627,-1.7182483694837234,-1.6835169576405282,-2.764792585610249,0.6054082447600189,-0.5993743577767856,2.115476041452118,0.5136415602384325,2.188224708585002,0.46201542212803115,2.2268516144361086,1.1111360062046636,1.640938061822251,-0.5363660372729436,0.3560714961341322,-1.3741789855360185,0.42698726130085407,-2.5303272735815763,0.7993161538605777,1.5585738554237205,0.8650811534464082,-0.07276582115471353,-0.7204490304610963,-1.4431423390236997,-0.32388614352728734,-0.660278203571048,-0.09235547950573231,-0.08695138255124585,0.2714064665553174,0.20966262585540502,-0.15573718062916125,-0.16945331931742846,-0.16496454145692147,-1.3303703362490755,1.4441197125090075,-0.4464820421996586,1.0702031801043215,0.47594187731731386,0.05480278130603883,-2.145088989062544,-0.028168655682986876,-2.25707393988211,0.2564031347454081,-0.4474594183832729,-1.9034278663257016,-2.236618416344336,1.3017781113588236,-1.4483145307751455,1.323139876720218,-0.09444254073191627,0.3950991382505582,-0.8126660156942564
numHidden 	6
numGenes 	57
minGene 	-1.0
maxGene 	1.0
popSize 	100
maxEvaluations 	20000
mutateRate 	0.2
mutateChange 	0.5
seed 	1554382461171
random 	java.util.Random@1f17ae12
neuralNetworkClass 	class coursework.ExampleEvolutionaryAlgorithm
Training Set Training
Fitness 0.014504414527837056