-0.14839285524843698,0.29045350910625484,-1.7467290725729736,-0.25373726490253884,0.6249423980279638,0.3970706702917016,2.3103966785922427,-1.5021384369390527,3.121018316909299,0.6606688696760987,-0.16855253150232197,1.801754866886272,2.406196599778859,0.6188254410967099,-1.154279957918971,1.1726313033105418,-0.6123678074982669,2.978777522317917,-0.45771770592886163,-3.4571037421171917,-0.11732412138739495,-0.4933806022080107,3.2331576904369985,1.299467138170102,0.3745712019253101,-0.41629545937294243,-0.47033833231361777,0.9799295997274865,0.5828608093255245,-0.8620887225301264,-0.09848791377434774,0.12593833585875813,-0.30697201122837514,-0.11177131084955011,0.22776983462769462,-0.1791495962015075,0.0596567327609025,-1.3489815560355363,2.1057317376087203,-1.9769222563040443,-0.767108687754938,-3.4090321753238526,-1.669628987229689,2.333472982494629,0.20711016635030277,1.6064235936655187,-1.2718706154169372,0.06735699138234874,-0.6868179552496824,-0.13172201458389965,2.489021256075715,0.3198724464623124,-1.5231600223219,0.9549199086326279,-0.11340712565750921,-0.025936036666028728,-0.02600159881184755
numHidden 	6
numGenes 	57
minGene 	-1.0
maxGene 	1.0
popSize 	100
maxEvaluations 	20000
mutateRate 	0.2
mutateChange 	0.5
seed 	1554384235923
random 	java.util.Random@1f17ae12
neuralNetworkClass 	class coursework.ExampleEvolutionaryAlgorithm
Training Set Training
Fitness 0.00903863056944209