-2.0673940755236595,0.4069894356967017,-0.022476608616989746,0.80708157144191,-0.9040284971191968,1.6858456773596293,-1.546984309608451,3.3237739663503363,0.5621865418187206,-2.1604280635764135,-1.1233534613314773,-1.7464148013275695,-3.3093055222238656,0.2548688090875423,-0.33640136492830464,2.4817523639819745,1.7428731078961008,0.3072574654157154,1.596705672964084,2.453428674501853,-1.61672852566835,0.44848851380350724,2.4151823092084226,-0.49553927492702593,0.9607400660578173,0.5618443538509464,-0.5822851074314596,1.9804614188936847,0.9252132944419305,-0.3063098184413519,-0.98346900138971,-0.2540357445482956,1.5005699463886208,0.4828782092810811,0.4083334168550289,-0.031589331455773195,-0.5378320432587496,3.660998652174914,-0.5778555904383695,0.25746125279644533,0.022983482903363717,4.060592397855539,-0.9387241199768526,1.8620755703056642,0.03335940373910795,2.463721912412214,-0.5630678048347743,-1.8713228721750643,0.49070537555507754,0.47689411324337305,1.4658417506344719,1.4698959329171972,-0.43556991431007375,-0.6036128023692736,-1.2413393827210197,0.822804483438417,0.39115343890600224
numHidden 	6
numGenes 	57
minGene 	-1.0
maxGene 	1.0
popSize 	100
maxEvaluations 	20000
mutateRate 	0.2
mutateChange 	0.5
seed 	1554382337304
random 	java.util.Random@1f17ae12
neuralNetworkClass 	class coursework.ExampleEvolutionaryAlgorithm
Training Set Training
Fitness 0.010380882042613193