-1.7069499656656508,-0.0015055827123594545,-1.1355456790450735,-1.0709260488347716,-2.5325370783394536,-1.200904078123585,-4.925449528214037,-2.0602562253463534,-0.7993232732149298,-1.9208219323858982,1.1860194586096036,0.9330255196040275,-1.2338611997105589,-2.459006144306819,-1.2874288955960589,-1.1198383082223438,-2.671942952940417,0.7512465286837988,-4.005611217152028,1.2150182483977585,-0.6477356436555886,-3.0229368069460163,-0.03258631788098376,-0.010169342867053177,0.49316075623388894,0.7759870945371073,0.9594321216381709,-1.4443972457779939,0.32669399845594405,0.6940560075163071,0.16918538578896414,-0.1667838956450915,1.1851770818510003,-1.695459571173965,-0.2908029275557996,-0.019046639670275978,-1.7785148616352386,2.392088702751657,-3.1914287476929033,1.6408338143655892,2.9746193102805245,-0.4618263040691757,-0.23879253067546086,0.12193655542008591,0.4130108501122099,0.19444695511447496,0.737121499762414,-0.02673078456956479,-2.553167114284195,1.8600257945240424,2.3190417738495155,2.670095806362626,1.567463115492135,0.04779550618051365,-0.1254021547412616,0.4716614104641431,0.48185187083970743
numHidden 	6
numGenes 	57
minGene 	-1.0
maxGene 	1.0
popSize 	100
maxEvaluations 	20000
mutateRate 	0.2
mutateChange 	0.5
seed 	1554382835832
random 	java.util.Random@1f17ae12
neuralNetworkClass 	class coursework.ExampleEvolutionaryAlgorithm
Training Set Training
Fitness 0.010912222114364059