0.29639859764632326,-1.629993040260072,-0.6010048475838075,2.971219579049966,1.706064452130055,1.0173301006320172,0.1145203700411841,-2.09918788089099,-2.232549883643565,-0.3076926253985368,1.3961109162868093,-0.3188021371206165,0.03016476846699999,1.492470947479089,-1.1484461463784823,1.945550067142575,1.3845272770917423,-0.38115562026358063,1.2915138053601072,-2.8129697475627387,-0.27229461661862997,0.12519877678146624,0.7595685821281448,-1.1083273842416774,-1.3403915278537133,-0.9382379822404898,-1.263923943717672,1.5893177429883647,-1.1203801798788247,-2.0414421600125805,-1.3070887045803352,-2.2474910385217135,1.335984743312042,1.4613003749219085,2.768284994025639,2.501626630369781,-0.21873486405526715,-1.886459035140853,-2.214260001548003,-2.088865330314647,-0.7287111325822795,-2.237892276060221,-0.9422797120527449,0.4778831204633306,-1.3310554441489932,1.748195746271008,2.1396935239957724,1.079797285265225
numHidden 	5
numGenes 	48
minGene 	-3.0
maxGene 	3.0
popSize 	200
maxEvaluations 	20000
mutateRate 	0.01
mutateChange 	0.05
seed 	1554401127015
random 	java.util.Random@1f17ae12
neuralNetworkClass 	class coursework.ExampleEvolutionaryAlgorithm
Training Set Training
Fitness 0.09617015608749056