-2.684120968058086,2.588957855355849,1.6801583167451357,-2.6741478461189265,2.50970918519417,-2.8940037292029093,1.3764599645401085,1.4755161440454072,1.7812895925831433,2.992379760491181,-2.8365308134270326,-0.6034997857279822,-1.1580131206275095,1.1147146294190589,1.76444013546334,2.093096882777836,-1.039341248646232,-2.8491475993027375,0.47632415829774466,0.5340398117377136,1.8086710270995683,-1.8649527664249972,1.287771919353701,-0.5496507194342721,-1.4074946701411126,0.6835842972294495,-0.8465316706886012,1.566132978109447,1.5129116304082364,0.7596561001893125,-1.0348754196205416,-0.23532608868197152,2.414165395938089,-2.579751799055151,1.277803011264215,1.119871012457418,-0.9008971414723412,2.70928130493901,-2.7938856974537822,-2.9616659170459645,-1.1147860444983662,1.4202364235293679,2.098186627945969,-2.5898349177678215,0.5141833299456591,1.536675993711986,0.5261617872799618,0.6566980112821816
numHidden 	5
numGenes 	48
minGene 	-3.0
maxGene 	3.0
popSize 	200
maxEvaluations 	20000
mutateRate 	0.01
mutateChange 	0.05
seed 	1554400630516
random 	java.util.Random@1f17ae12
neuralNetworkClass 	class coursework.ExampleEvolutionaryAlgorithm
Training Set Training
Fitness 0.07244110179800058