-2.840918097728043,2.1217853835010985,1.37283298344917,0.6099296874943285,2.0988835269100328,-1.6247163119655803,-0.34278816696886005,-2.783115500192113,2.696197480359012,-0.8219380052540219,-1.715105655546522,-0.07455873005596754,-1.4279383121606668,2.320013207474104,0.4369419366298645,2.754635133880635,0.6625010913238096,-2.3226996748293596,2.8409786385846996,-1.7210340502413541,1.1970641803717215,0.4643635866617624,1.1210995258257743,0.2646019535757018,1.216591056166517,-1.2361831836506771,2.8282054187979027,-0.11104486399084638,2.4557767138851103,0.9168685999322752,0.2816838532547745,0.696866521162699,2.806947948536581,1.1673680662919275,0.28250570409624115,0.6460561159393405,-2.7486046661994017,1.8888939892540684,-2.949232979112104,-0.02014855050785247,0.3235820272430203,1.679758306857523,1.858896409127697,1.4081990926490064,0.09794228670425387,2.186947674251023,0.9061769208385355,-1.296819252126879
numHidden 	5
numGenes 	48
minGene 	-3.0
maxGene 	3.0
popSize 	200
maxEvaluations 	20000
mutateRate 	0.01
mutateChange 	0.05
seed 	1554400400091
random 	java.util.Random@1f17ae12
neuralNetworkClass 	class coursework.ExampleEvolutionaryAlgorithm
Training Set Training
Fitness 0.13123193222733281