-2.540171222414177,1.4097807454816085,0.31107685346745945,-1.1066118994787357,1.2032490583867592,-2.0856895814590724,-1.7010796082232718,-0.39208620092043994,-0.8052681871196576,1.5314456760720403,0.3058227483004632,-2.464062918611723,0.18722654685602186,-2.6892946108952227,-0.8005288873747982,-0.5471361654661289,1.8944489965506541,1.057368756863895,-2.373735070310855,-0.2542936546219284,-0.3165224452328956,1.6102921574331543,2.0116281792713506,1.493835345275686,-2.074888096063193,-1.3221539466998047,-2.995213334483384,2.684748819099667,1.058210385667137,1.7342950595628999,-1.838729322304505,-0.16692714824418342,1.3588644320910959,-2.63546865660667,-0.7407015099380281,0.4259665298956534,-0.27238175374501933,0.4006959352743397,-1.0095553634536116,0.11840748249172588,0.5854486340124998,-0.21087759732515288,-1.206313434553189,1.26399007427627,1.0372957299239314,2.1510038175773722,1.662614014751229,1.996091391776016
numHidden 	5
numGenes 	48
minGene 	-3.0
maxGene 	3.0
popSize 	200
maxEvaluations 	20000
mutateRate 	0.01
mutateChange 	0.05
seed 	1554400554735
random 	java.util.Random@1f17ae12
neuralNetworkClass 	class coursework.ExampleEvolutionaryAlgorithm
Training Set Training
Fitness 0.13508861738979044