1.6962631267319614,2.2938435065100107,2.243104504669287,-1.5206375448426064,0.2069735513347557,0.18029083044518868,1.5187367347904883,-3.079699357476812,2.023740951289624,-0.5297486884628715,-2.987162210774267,0.11905445546138438,1.4004022260189584,0.6201968238427662,0.6908355232974486,0.17216059621674318,0.18488448515447886,-1.324113596076933,1.8790138241119339,-2.820038393642732,0.3526454415787563,1.1347007007439325,-1.127658302590266,0.9318708523324275,-0.2318136711907015,0.26960657002991173,1.1018557531502722,0.0691260115469976,-0.8907178030891292,0.7048898919717741,0.4679920186371873,-0.16572550427948896,-0.5636070050370043,-0.3705003612974802,-0.2027298754054414,0.8367181633755767,-3.495675617130919,-1.6494280371949366,1.431407602533953,2.3813300321093074,-1.5550581502709158,-0.9100383066226594,1.2299475361174812,-1.7232860080715675,1.3911489638302077,0.839657924331386,0.7096441099213671,1.4984248887078278,-0.6817999508130148,0.3433636992553608,-0.6899250864419608,-1.5795582678236866,0.29432171970056675,0.37746927848175504,0.06300247000273984,-0.07665086800089838,-0.0543783409809675
numHidden 	6
numGenes 	57
minGene 	-1.0
maxGene 	1.0
popSize 	100
maxEvaluations 	20000
mutateRate 	0.2
mutateChange 	0.5
seed 	1554309489908
random 	java.util.Random@1f17ae12
neuralNetworkClass 	class coursework.ExampleEvolutionaryAlgorithm
Training Set Training
Fitness 0.025448227351075863