-2.324965049748247,1.2206945278820076,-0.4290433829040434,-0.8370460772194581,-1.8485766508370047,0.5456089807378832,0.8811608229016448,-3.5917472124171215,0.3593990288984361,0.5799911957144321,1.4280470897629327,-2.371219164361629,-0.8447189837518674,2.2033580057843887,-0.7951738103094308,1.0747109794219445,0.654596433728049,-1.9350790070592327,0.20705436264076327,-2.1782791009815092,3.625036167967467,-1.3442425019990525,1.282383281774948,-3.186252573360915,-1.192527252281518,1.2643181107777284,0.9709663339998948,-0.7357170487917766,-0.1628899284851062,-0.17293016068326406,0.24406394661220365,0.36793245126548,-0.5571484904850441,2.474899511343306,0.31872519264022037,0.14524637209352176,-1.440220549359255,0.46421197707267536,-0.1822687921942634,0.3481834059198534,-0.8099715395987357,-1.1940804250743944,-0.9186906012129135,2.7439266492137797,1.1092702860002115,-0.5182275752746723,0.4444738890928144,0.712205404297773,-0.506868566842827,1.4241061455326418,-0.5356425033532926,-2.6177979764057557,1.1498107251930083,-1.446281173495418,0.7279257832532795,0.10219461189213619,0.596874379134519
numHidden 	6
numGenes 	57
minGene 	-1.0
maxGene 	1.0
popSize 	100
maxEvaluations 	20000
mutateRate 	0.2
mutateChange 	0.5
seed 	1554309269599
random 	java.util.Random@1f17ae12
neuralNetworkClass 	class coursework.ExampleEvolutionaryAlgorithm
Training Set Training
Fitness 0.010250972311615453