0.43212303192228596,-2.9031511377256813,2.9376382517150708,2.246447760002244,2.3455715765299416,-2.9406299926847024,-1.288858980583043,-1.8529901756254308,1.5319589163126517,-2.854938128656695,-1.3141182678925287,-0.4701308642432966,-0.12210937644782903,0.3482871384939006,2.182770388676275,1.717755814824712,-2.1973211331364615,-2.5565079731033817,1.395673885168068,-2.098790096149547,2.207297822683101,2.460330598850102,0.7550150170489727,1.2936081368340444,1.369228732565486,1.9323572339870425,-0.8476741547839406,0.5372699132963872,0.25507159954561837,-0.011677673412575723,1.6492739120106972,1.5557859619819279,-2.111120386404002,-2.5435379010747248,2.8956616589782547,-2.157719089060862,0.9792296863521075,-2.968547974588193,-2.3542888592863296,-1.1944225203963115,-1.7773521238943801,2.6964159478658125,3.050356353219926,-0.3851841932075031,-3.035331331466625,0.22389732321850198,1.9712923939894542,0.14122610121695262
numHidden 	5
numGenes 	48
minGene 	-3.0
maxGene 	3.0
popSize 	200
maxEvaluations 	20000
mutateRate 	0.1
mutateChange 	0.05
seed 	1554474707323
random 	java.util.Random@1f17ae12
neuralNetworkClass 	class coursework.ExampleEvolutionaryAlgorithm
Training Set Training
Fitness 0.0768766274194195