0.8933373449260333,1.4196548835559226,-0.30566944820007236,2.1573632913554324,0.430268431594971,2.902882001094799,0.2749503186256256,2.911966346637663,-1.3716236279710954,1.148480868761284,1.6035626410528359,1.9440680687133975,2.1535090414535425,0.0329746146323488,0.7552315653299941,2.6606550194855094,-2.463534843892865,0.2608823969427787,-0.8765889748176741,3.127177867114681,0.2456011932867339,-0.5354726948641687,0.021855812346042905,-0.42441916277835123,1.1648697067882159,0.2612446241352168,0.20537537163971253,0.16622021224036662,-0.33603118640920526,-0.814507825335401,0.4790318353416115,-2.0401966518484738,1.8432580881776075,1.1410354535033784,-2.8415642494640085,-1.933803099286685,2.518196258139181,-1.9277972948156088,2.0064602144085115,1.787878531628586,0.14359497496108314,-2.9878271107236056,1.417727241029908,1.6192736852402936,2.058484480897233,0.45249008178048195,2.6458558782201997,-0.6844438427586377
numHidden 	5
numGenes 	48
minGene 	-3.0
maxGene 	3.0
popSize 	200
maxEvaluations 	20000
mutateRate 	0.1
mutateChange 	0.05
seed 	1554474922176
random 	java.util.Random@1f17ae12
neuralNetworkClass 	class coursework.ExampleEvolutionaryAlgorithm
Training Set Training
Fitness 0.012189970182716645