-2.713159175141853,-0.189442357102306,-0.674811247811562,-2.0981336277188767,-1.630375810219772,-2.5109335997916977,2.6798323916248714,1.981246528194407,0.3534668862054531,1.601575714040706,-1.2993032495761965,0.7728178246038846,2.8222540790102206,-0.29177679407256585,-0.6423999785857124,-2.463783530514063,2.772451667060425,0.06390475188515783,2.7355636693289513,0.5441850790329141,1.2765258514589453,-1.6910236402448102,2.387161383701459,-0.5729505976969855,2.236121236600776,-1.5208220321099826,0.29316702094853797,2.4188416207155754,-1.8648126084368477,-1.8647004727705332,-2.7488271680695506,1.184046208894628,-2.866773019407118,-1.3162429016638255,0.6982821151165168,0.9664765861097591,-2.2187967936457773,-1.606603232791366,-1.3377074442608194,-2.1252582704028598,-2.9377220321638253,0.04165049683423465,-1.2221570050970345,-2.0598741666454248,0.5855933660167958,0.8095504828866615,1.5779826735439824,-1.523034015452465
numHidden 	5
numGenes 	48
minGene 	-3.0
maxGene 	3.0
popSize 	200
maxEvaluations 	20000
mutateRate 	0.1
mutateChange 	0.05
seed 	1554474563698
random 	java.util.Random@1f17ae12
neuralNetworkClass 	class coursework.ExampleEvolutionaryAlgorithm
Training Set Training
Fitness 0.11625525756789838