-3.088881679436936,2.9190713171085427,2.391407395365775,-1.455366507965745,2.0125058486185647,-2.1602672350175043,-2.7304454773219047,1.301762892044093,1.4158161677863768,-1.6113444063648223,-0.7526727625480685,-0.5960367279529823,1.8470990316462303,-1.828929396770039,0.5199784082254041,-2.561215565049208,-2.272796533566738,-1.0242915061800282,-2.300555627275675,2.1243529539610035,2.624254291316155,0.8685274062600057,0.07909352225323706,-1.0093796580384964,2.0291864786330267,-1.4876622518791562,1.1334842806911682,-0.6937953569818751,-0.7851713815786363,-0.7704232067104382,0.772629284008999,2.8545640498614526,-2.656157264504027,1.0507425632703165,0.20569893090215008,-2.4441911632745734,-0.29133410311484714,-2.7963864978606328,-0.992575654631187,1.9054628847992503,2.864124651288912,0.5512417509686303,-2.122411074842251,-1.2995376198985584,2.728856825883266,2.82345500351793,1.680132375825873,1.6486142255880092
numHidden 	5
numGenes 	48
minGene 	-3.0
maxGene 	3.0
popSize 	200
maxEvaluations 	20000
mutateRate 	0.1
mutateChange 	0.05
seed 	1554474779467
random 	java.util.Random@1f17ae12
neuralNetworkClass 	class coursework.ExampleEvolutionaryAlgorithm
Training Set Training
Fitness 0.09974641125541858