2.306713194932968,2.9616784499791233,3.0174766490060776,-1.843695244923277,-2.2190315889032046,1.8353284579406253,-2.9649661248065273,-1.8082398620242648,-1.8912501998172944,-1.7627790023505798,1.9758625903656883,2.41523520983605,2.5806411209564937,-1.268063944985877,-0.03361676152454818,3.1379962036635183,0.32917735346349614,-0.3271254639505199,0.14798653083272234,-2.6480161999303706,-1.021969684165445,-0.04748339203894636,0.1743874479740285,1.050218133432166,1.9431948204420002,-1.0985855773086746,1.8345197415955434,2.0062913773814666,2.3160196224205833,-1.0873235487156927,1.7337148662237272,-2.659582671305847,1.0737236629880187,2.6782747920681365,-1.377232818055308,-0.998477712529579,2.1312827292782233,1.8522710880268554,-0.820563375284787,-0.6214355502386767,1.6748138904532304,0.4928540410803562,2.7435810154355105,2.473376921533834,-2.1448310700334696,2.2336493427581035,0.8592045281350948,-0.24356920138293675
numHidden 	5
numGenes 	48
minGene 	-3.0
maxGene 	3.0
popSize 	200
maxEvaluations 	20000
mutateRate 	0.1
mutateChange 	0.05
seed 	1554474422855
random 	java.util.Random@1f17ae12
neuralNetworkClass 	class coursework.ExampleEvolutionaryAlgorithm
Training Set Training
Fitness 0.0981792284199942