-1.1966198919848672,-4.249717732516734,-1.449193740274509,0.6937644534141674,3.832942813139754,-0.12088097312140622,0.17761262335204675,2.465640278828278,0.1405907229188026,1.611439426283841,-0.35797584180211595,-0.29971971980718903,-1.4626137224752291,0.7006183005207556,2.7004272631119353,-1.7894913919196178,-0.715627837873962,2.816395898387886,-0.875098905914617,1.9569168893912394,1.6983092001668183,2.02339790976115,-0.13003615280264924,-1.4538033748752368,1.5759145582026686,1.7416039849422935,1.5412767601958706,0.15720908061084504,3.673995483833208,0.1415680017722707,0.16567186907866316,-0.4254429668443054,-0.745546587722685,0.9344783178831859,-0.13026444851805086,1.3303912529096011,-1.9587580994018696,1.5405347471006123,2.978830592237985,-2.026400449964519,-0.016742108882255025,0.06876648227608317,0.6075069052159618,-1.1111294016448123,0.93479909275094,0.11103847072311068,0.5609413736902868,-1.4907999863533121
numHidden 	5
numGenes 	48
minGene 	-1.0
maxGene 	1.0
popSize 	10
maxEvaluations 	20000
mutateRate 	0.2
mutateChange 	0.5
seed 	1554305821629
random 	java.util.Random@1f17ae12
neuralNetworkClass 	class coursework.ExampleEvolutionaryAlgorithm
Training Set Training
Fitness 0.014909408370047433