-0.9595613032684371,1.2046574867734847,-2.4009025929463728,0.6124339048118976,0.7939631175288877,-0.471633415462656,-1.1458887069589796,0.1599617977033927,-0.11922134190695366,0.5521825921298227,-0.37946003271795825,1.3661101265463704,0.5783735644826253,-0.8530398651371769,0.44897796408479107,-1.0797816208033548,-0.32582058607963926,1.0066097468314412,1.3771474458738835,0.7184093923912758,-0.2363785114790522,-0.17241754894565542,-0.8691039120688457,-1.102036401843971,1.7326194554622865,0.048002646374050384,-0.21151585094910197,0.5375735272130118,-0.18917045617012107,-2.386692751752964,-1.91550848846685,0.944437989567787,-2.9473768734707417,2.6590778811994293,-1.9683717257147095,-0.8457664427711122,1.6359995189192453,-0.5119209732378069,0.10318537721260324,-0.7849784252537311,0.6294583997320005,0.33638990953635095,0.3490138542963179,0.37627376191861783,0.790016894338911,-0.15074955888738395,0.24536650389323333,0.6699731194078822
numHidden 	5
numGenes 	48
minGene 	-1.0
maxGene 	1.0
popSize 	10
maxEvaluations 	20000
mutateRate 	0.2
mutateChange 	0.5
seed 	1554305954444
random 	java.util.Random@1f17ae12
neuralNetworkClass 	class coursework.ExampleEvolutionaryAlgorithm
Training Set Training
Fitness 0.009643316683464145