0.36057586521968465,-1.8881133002502484,-0.9908307258437934,-2.418141449043196,1.388121028487281,2.0184494363904273,3.4267743405148616,0.06780549844530803,0.5750477642646894,1.170145509700263,-0.26597318925085944,-2.4803690381758856,-0.662493805544393,-0.25369483198890475,2.184110783637582,2.326103767545961,-0.4822695753063633,3.686586644829732,2.6433511266433083,-0.4200994933985045,2.1494585540126763,0.4096924338107304,-0.6531961187972788,-0.39935148279014077,-0.7575341251797072,-1.5303273501510757,-1.1799148189977744,2.4843302366495044,-0.6795962723898232,-0.2287878524543685,1.9955763192146736,0.16470598692541394,-0.012848802107037427,-1.2280574707835634,-0.7515923927018688,0.6853020451091882,-1.3495972336573254,-0.7810416667374707,0.5873896217455414,-0.09409742658896336,-0.30276871711847897,1.898358653109117,0.05832551817322873,-2.794626555779895,-0.6051204210480687,2.1207754749774614,-0.4480952518606245,0.8930375724231743
numHidden 	5
numGenes 	48
minGene 	-1.0
maxGene 	1.0
popSize 	10
maxEvaluations 	20000
mutateRate 	0.2
mutateChange 	0.5
seed 	1554306708323
random 	java.util.Random@1f17ae12
neuralNetworkClass 	class coursework.ExampleEvolutionaryAlgorithm
Training Set Training
Fitness 0.015191511955576137