3.44653533110389,0.5798001417694798,2.49397352080039,-0.3594030239608972,-3.341725341009715,-4.230839997328058,0.23777499490629506,0.03385624592130543,0.5588600473443013,-1.2171203393809034,-0.49022640949366414,0.0060233750440432665,1.791830724902892,-0.34305288660954036,-0.13034758986978634,-4.366142882043265,2.28191276976686,1.1806047227034084,1.4624788750777986,0.045163115227295325,0.5310147296597498,1.4413514214453143,-3.2685279334113844,-0.25068053598738405,0.21446514684197893,0.344129446003119,-0.9922166414198195,1.5061421079221475,0.15447341924899316,-0.15580852697551228,2.0818870455671066,-0.20263296989883495,-1.2940927452852176,2.2212706756276663,0.34937146315268297,1.998298299908041,1.372695880359728,-2.149789304445828,0.09317763297064263,-0.8343952056282551,-0.8984347857124009,0.23370062096086874,-0.4028110318333302,-0.8708008770018645,-0.9855584606258729,0.23217051834927682,-0.3068579225478014,1.3845794839045795
numHidden 	5
numGenes 	48
minGene 	-1.0
maxGene 	1.0
popSize 	10
maxEvaluations 	20000
mutateRate 	0.2
mutateChange 	0.5
seed 	1554306608748
random 	java.util.Random@1f17ae12
neuralNetworkClass 	class coursework.ExampleEvolutionaryAlgorithm
Training Set Training
Fitness 0.025578508706119985