-0.1122297704673425,-1.5085997577584886,-0.9696875997423349,1.3626216410787182,-2.4473909061739834,0.9457758122787991,-2.257978332731307,2.93380280603139,1.7125869208266042,0.638485150362136,0.04033789909994345,-1.270935024345043,1.2716975032281483,-0.4098404579779593,-1.3793222065772994,-1.0289672719564011,-2.569017337115664,1.65879209705067,0.2131099495123241,1.7105310494177868,2.1270086891156037,-0.7216795905971731,1.0968503268479566,-1.2952226407102756,-0.2990385997336569,-2.3883764563246723,-0.43354002312159245,-1.7886562527556886,1.5134656817684544,0.4197191971088623,2.217991369406933,0.9428427690575449,-0.547722290017735,-3.244226278148458,1.9831843645747549,-2.524980105930724,-0.30906171563261076,-0.33299594126803744,3.383848062536618,-0.20185370316087647,-1.588844781255907,1.2521745158021125,0.35743069944823747,1.9524529166955875,1.09502949213471,-1.2601460169672363,2.117188716092874,-0.08802028581444699
numHidden 	5
numGenes 	48
minGene 	-1.0
maxGene 	1.0
popSize 	10
maxEvaluations 	20000
mutateRate 	0.2
mutateChange 	0.5
seed 	1554306181750
random 	java.util.Random@1f17ae12
neuralNetworkClass 	class coursework.ExampleEvolutionaryAlgorithm
Training Set Training
Fitness 0.01795718570056544