0.8254312833369337,-2.5462904803496595,2.279077733013673,-0.5981193266947529,-1.673624587847931,-2.608864203141196,1.884153085585722,1.3881561915704397,1.6991559250813832,-0.11449630061818361,1.2163258417718388,-0.2915733669481615,0.4000078269638032,-0.3486481807840116,-2.3923078612850013,-4.269342982764866,2.1551469581537903,1.3162187504044107,-0.7354541253829137,-1.103958184747575,-1.25510472119071,-1.7004842039757548,0.554518573273554,-1.1302962931459632,0.2594203640077579,0.4056778064529514,-0.8959680586179366,0.03997419649466649,0.11112391774218855,-0.21743967535747766,2.3766705130706325,-1.950825986102653,-2.348180038990143,-0.2354867767397586,0.33950207693415857,1.4117996170146783,2.015482079241265,-1.3317773643909065,0.7569856346462462,-1.3445447596134672,-1.423231776256069,2.136841462572992,-1.826679372726892,1.1552451328900157,-1.5183162617363548,-1.2685564823141482,1.0132282996155766,1.092107525161878
numHidden 	5
numGenes 	48
minGene 	-1.0
maxGene 	1.0
popSize 	10
maxEvaluations 	20000
mutateRate 	0.2
mutateChange 	0.5
seed 	1554306806089
random 	java.util.Random@1f17ae12
neuralNetworkClass 	class coursework.ExampleEvolutionaryAlgorithm
Training Set Training
Fitness 0.008453050309720359