-0.6179074352760512,-0.023579107073970998,1.0984342424515838,-1.817718222251648,-1.5952926878387217,-2.0014463218699423,2.477557480831136,-0.4872550070169755,0.28149418052826203,-1.2045762863830112,0.9015779357729676,-1.592901532818639,3.1340973882317433,-0.6335329536200759,-2.3619090443359285,-0.4740572776937731,0.08915728237966541,-0.03834830058484506,1.4647936908335177,1.9492946357110348,-2.579152205287035,1.1171007804113646,1.378673610194488,-2.3609418643015365,1.6631144349736617,1.845923997362235,-0.06289998107262883,0.822178799938819,2.4877942034232046,-0.2481761634780753,0.29398947839714484,-0.7037774301927511,0.6006543554184127,0.4482774624335223,0.2938256445174933,-1.431885979093803,2.6507493110449136,-2.8811720841884316,-2.7265755702774865,-0.5167560723655207,1.729351833638414,2.7442546713389584,-1.4040558574038886,0.98614829849177,-1.846923994420206,-1.849873704460335,1.8037477256673395,1.775439631172868
numHidden 	5
numGenes 	48
minGene 	-3.0
maxGene 	3.0
popSize 	200
maxEvaluations 	20000
mutateRate 	0.01
mutateChange 	0.05
seed 	1554397087416
random 	java.util.Random@1f17ae12
neuralNetworkClass 	class coursework.ExampleEvolutionaryAlgorithm
Training Set Training
Fitness 0.0619290585927017