-1.8978822135046614,1.4695815989721013,0.8432860394369786,-0.8016168888534485,-2.3619518643012176,1.6373004969088563,-2.037276478973106,-2.877937208368003,-0.6579110532260051,0.7757683744617696,2.5271542785416132,1.6985686698156903,0.3237339629399079,-1.6616623972078906,-3.4874761600179855,-0.8625461934255823,-2.727866255322088,-3.1318204675880317,-2.0774099210354824,0.13332521530216612,-0.8803004722933938,1.925808562261866,-1.2344099896723149,1.1599535575632074,2.6666942991283262,-0.9477128039281435,-0.029837816422769253,-0.37269806039241965,-0.7603456997795592,-0.26500634941514783,2.281917109201639,2.216601396766709,1.6904615604496676,1.6611946942039488,-2.890215972709261,-0.679296284088114,0.9643760944399387,1.9505245721483602,-2.343501671981576,-0.7334413103652615,2.624322266627697,-0.39917057667680317,-2.7796753050100347,0.3837645564019816,-1.334796923155788,1.7626988228844218,0.7953495292144923,1.3077571205737637
numHidden 	5
numGenes 	48
minGene 	-3.0
maxGene 	3.0
popSize 	200
maxEvaluations 	20000
mutateRate 	0.01
mutateChange 	0.05
seed 	1554397604182
random 	java.util.Random@1f17ae12
neuralNetworkClass 	class coursework.ExampleEvolutionaryAlgorithm
Training Set Training
Fitness 0.08810893212405803