0.8393479108751658,-0.09644999348383206,2.4083833026502965,-0.2068839478539934,2.3625877517496763,-2.1633780812664374,3.1737989755603264,3.0940501247808854,-0.8516612755165733,1.4969242571611672,-1.1847268730619969,-0.459589318153584,-1.887562988111156,-0.9198512839179651,0.0359081342019186,1.0848049448729107,2.6080801212957567,-0.8836080669514721,2.450132800870156,1.69352026980769,-1.6182283503441448,-1.7124283092803942,2.9235821814613514,-2.848334935561181,-2.5520365299376326,-0.17568310922274416,-1.790156716142618,-1.9352310350267643,-2.871522509317257,1.4396430289398154,1.6705768411490023,2.359271333093173,-1.7194775701237768,2.118834769360351,-0.7629878683835198,1.8401882739434534,2.652355989689174,0.7345658035373803,0.42979332873502185,-1.2923966404800078,-2.891622304743211,0.5433965231101192,2.050643169403454,1.2144926111257262,2.9556704435297494,2.9443993659449887,1.8432914832894927,-1.4832524816217663
numHidden 	5
numGenes 	48
minGene 	-3.0
maxGene 	3.0
popSize 	200
maxEvaluations 	20000
mutateRate 	0.01
mutateChange 	0.05
seed 	1554397449986
random 	java.util.Random@1f17ae12
neuralNetworkClass 	class coursework.ExampleEvolutionaryAlgorithm
Training Set Training
Fitness 0.1355227677444421