-1.5716809363774011,1.257646457572529,1.6944096910400333,-0.7704359371595206,-2.8243805997810414,2.078134928306782,-1.367526667703491,-0.8151727476023907,0.48395662485935875,2.9030857680252824,0.9478410205270564,-0.247111469262825,1.2631272900728716,-2.9850210969216686,1.7094502035533554,0.7412455974277634,-1.0272625425702282,0.5482209126751336,-2.2138464677969076,0.20391857098638855,-2.668762398344562,0.644461173018833,2.1907839483641602,-1.2498535132218034,1.520772314855665,1.2985058542891394,2.26563186728647,-1.9340085095716995,-0.5148086651089641,0.9354422402059692,-0.557572538387265,2.0423895248004884,1.1619361352727944,-0.23768138699639874,1.747031164171097,-2.700322596473492,-0.8806299062296843,-0.5220350913801534,-2.006356470979779,-2.417395713393585,-0.8605186179208655,-2.6977336188088774,1.225456890019257,1.7213259365098486,1.5417487686201958,-1.0485573600305504,-1.3417214980702417,-1.7871397046586475
numHidden 	5
numGenes 	48
minGene 	-3.0
maxGene 	3.0
popSize 	200
maxEvaluations 	20000
mutateRate 	0.01
mutateChange 	0.05
seed 	1554398003344
random 	java.util.Random@1f17ae12
neuralNetworkClass 	class coursework.ExampleEvolutionaryAlgorithm
Training Set Training
Fitness 0.11280668771904438