-2.6121075658676025,-1.6209737398452457,-0.10785543027235552,-0.5989427724355345,0.16594332925758462,-0.307872140674098,0.550296889049541,-2.7712819030271163,2.655532961002894,-1.3139788951501832,0.473706376271319,0.6293565427794485,2.5016205670935125,-2.545649465280371,-2.00956371753972,-0.8035415086087268,-0.895123381126788,-2.3756210770088435,1.0665549810212955,-1.41544952547119,-2.654991449821984,0.24515224319209455,1.4884080434016342,-2.613480515960739,1.664173779359059,-3.04193882581904,2.837171968476743,-0.8042090805116178,-2.0521790070490287,0.9143908013002908,2.781119036868618,-2.3330226147426893,1.375848547382853,2.6368641778322486,-1.534683014939598,2.639777487892146,-1.20998556640603,2.092112703657004,-2.2797164560078302,-0.620418017011205,-2.2659203488333985,2.098425928404802,0.24041534633035183,1.3644132556788466,-2.5787855557016925,2.638056213524404,0.9498044245070214,0.9614949915335929
numHidden 	5
numGenes 	48
minGene 	-3.0
maxGene 	3.0
popSize 	200
maxEvaluations 	20000
mutateRate 	0.01
mutateChange 	0.05
seed 	1554397355403
random 	java.util.Random@1f17ae12
neuralNetworkClass 	class coursework.ExampleEvolutionaryAlgorithm
Training Set Training
Fitness 0.1278081700727008