0.16309826909843075,-0.44208062120557334,-2.3100496047327956,1.8845622900884662,2.706996725072461,2.257442283322984,1.673328376537284,-1.9536658387173012,-1.45767766472136,-2.6387284522652017,0.41855855825917254,0.9865807394143369,0.859886714810649,0.6967937193181233,1.0538207294107063,-0.12869090161481672,-0.13329604931772637,2.70568215935931,-1.726831779424199,-2.683026279872798,-0.834331909068132,-2.788599919006783,-0.5435824112246788,2.071083248457378,-1.4022433193390693,1.063249778071094,-1.3635810235154633,-1.0362675052913224,0.6007474146783207,2.6948477752108975,1.6096919538408452,0.5771188758823489,2.694304285111939,-0.14986225987927532,-2.2639799948086883,0.639084271053056,-1.5553616385925688,0.48278863340508416,1.159705857797548,-0.6567897360332224,2.5428178555773444,-2.374940099600231,0.05979876704282035,2.831977064435643,0.14915314773577296,-0.5000509294238813,-0.3012813243368207,1.050983008950661
numHidden 	5
numGenes 	48
minGene 	-3.0
maxGene 	3.0
popSize 	200
maxEvaluations 	20000
mutateRate 	0.01
mutateChange 	0.05
seed 	1554397528440
random 	java.util.Random@1f17ae12
neuralNetworkClass 	class coursework.ExampleEvolutionaryAlgorithm
Training Set Training
Fitness 0.1340616302057638