-1.7983623580919956,-0.2892275842636707,1.8200753611577207,2.2143403470523637,2.4774058911133485,-0.7882731906671512,2.9579641131364083,-3.2439273954995174,-0.5151449184418166,1.4546074228094243,0.6604040328966001,1.3568407255925905,0.9009532209986273,-1.2945502809486404,6.871706429445251,1.2972232641132466,2.5324546008953606,-0.6567696456548744,-2.636849201565335,-1.3134297007111075,-0.05928489796385339,-1.022439054797697,2.2752372331752495,4.1635640962234,0.4140470071431903,-1.9485073906959687,-0.761078740177612,2.1740565954270084,0.570491208716511,0.14919687807617077,-3.131112990041137,-0.8575124305736452,-0.3128622770068459,-0.9644776152433261,0.38543792128603305,-0.24530019088962174,0.2459043815162547,-1.1554879934861864,0.12768811313392514,0.024083045161049643,-0.08156765391089627,-0.5558059767794139,2.7212121699508094,-1.0602306732028641,-0.11773368246187221,0.4314167586223667,-0.31369391512978684,0.3570105146556717,-0.448527293978656,-2.395387512447381,0.9216139014166675,0.105284283975416,2.1344105440431695,2.768510377742715,1.000326965106665,-0.6582460491295923,0.0890544105781228
numHidden 	6
numGenes 	57
minGene 	-1.0
maxGene 	1.0
popSize 	100
maxEvaluations 	20000
mutateRate 	0.2
mutateChange 	0.5
seed 	1554308873697
random 	java.util.Random@1f17ae12
neuralNetworkClass 	class coursework.ExampleEvolutionaryAlgorithm
Training Set Training
Fitness 0.011333647079852927