0.9313490616588549,0.7439494408395841,-0.3160577953062089,1.2723292480807609,2.063148107604648,-1.3408423608522877,-0.35596106106996794,-0.21590514889251788,-2.317345195057688,-1.1865792615341542,-2.6080047969787943,-0.8428724557500749,-0.10314717007982188,0.21300108606532353,-0.102818376231399,1.247447548301944,0.9788895360639891,-3.5670589044519656,-0.21270193096885825,0.23969331030616936,-0.3145937530811034,-2.8570594110823073,-1.7970626123190012,-2.2966371541870636,0.31622496000515854,-0.7282475055151398,1.29397895355438,-0.2974233059344622,0.6801938552315967,-0.013191594824047082,0.06642930440537298,1.0014891713320837,0.8911831519391411,-0.10268453131687827,0.5100951537039069,0.1877544451572979,1.279537759021959,0.9516829319661924,1.6162804927932155,-0.8738777998466634,-0.41147007490938403,-0.020072018591114738,1.2743230317046466,2.4925004285397803,0.47903028415197557,0.16208898196034327,-1.5471294091675432,-3.0130249958182898,0.8149362038234673,-2.24210678099689,-0.45352211167944856,-3.1753194895089862,2.3757224977609672,-2.722530154308348,-1.5462653162698976,-0.8584941733718008,-0.41900324389605803
numHidden 	6
numGenes 	57
minGene 	-1.0
maxGene 	1.0
popSize 	100
maxEvaluations 	20000
mutateRate 	0.2
mutateChange 	0.5
seed 	1554308759635
random 	java.util.Random@1f17ae12
neuralNetworkClass 	class coursework.ExampleEvolutionaryAlgorithm
Training Set Training
Fitness 0.010551533204568735