1.0189849323539475,0.5941141983799811,-1.8877644774405244,2.4048840119145183,-1.1198595378922354,-2.149717509030048,1.798781363804237,0.523201171312659,-2.72613329343773,-2.4620107788749452,2.612103388699949,-0.9346504343764144,1.1392186187270446,0.8000754325017434,-1.7068381012770508,1.5410617003823652,-1.3676218447161552,0.3484418492860559,0.4660725772178529,-0.46935633959779954,-0.2051887790832283,-2.9250073597053428,1.8187347608612696,-1.7062895719192088,-2.962745640825126,-0.7455518129561012,0.39290884548232663,0.007819974248165718,-0.4765387772700418,-1.1446433941722371,0.41106823595814945,1.4848147125116105,0.2308434031616795,0.44603954529799217,-0.365336969185047,0.9784824723696373,-0.9152939606676214,-1.0330568662170299,1.3345549139769188,-1.1939269831601598,-1.3530022119987943,1.4112286897187685,-0.9637219838953199,4.040040824903517,-1.437056194427664,0.6601890597171658,-1.290041736582489,-1.9668837682872042,-3.4219283101162032,0.8089469798796407,1.4245556217350606,-0.2382865434108612,0.5136924980763968,-1.489818941883349,0.04782660722001286,0.7749150131231997,0.9095555499537304
numHidden 	6
numGenes 	57
minGene 	-1.0
maxGene 	1.0
popSize 	100
maxEvaluations 	20000
mutateRate 	0.2
mutateChange 	0.5
seed 	1554309402784
random 	java.util.Random@1f17ae12
neuralNetworkClass 	class coursework.ExampleEvolutionaryAlgorithm
Training Set Training
Fitness 0.020646555740419924