-0.953974389145255,0.287045790757505,-0.3286331113821579,-0.06610692797773021,-3.0543774720776837,2.2031670688563336,0.14595650169208185,-0.43210670519712036,-1.8585723105503427,2.1654435954364057,-0.7724403677661109,0.6661231533964718,-2.824588021668847,1.195137653502682,-0.5845304719072473,-0.015486349924744403,-2.9584481646770286,0.7414447491324281,1.3100225309599804,-1.3060351462580408,-3.848062206688814,0.2279462911833836,0.7540180091796378,-0.8741277053075873,0.05484839262792485,0.0780571543375923,-0.49788902069509167,0.6919599910398795,0.620502205942846,0.400829521789535,-0.461334718031001,1.2635579151520655,0.20537626089337002,2.7850021759384207,0.3962064321241494,-3.81946441303745,-2.291731462753703,2.9727144751521735,-0.6712939002585292,-0.8732084667517981,-1.1652785200823406,0.09036293335165668,-1.688032381165774,-1.2734198048226197,-3.7852815169757803,-0.9460961358512066,0.2063699194319193,0.9578921197157941,-0.46854938190367945,1.7818523727754088,-0.5930558973337188,0.2829617884033544,0.14327806505488927,0.6743846027177687,1.4841727686785307,0.9467839711660704,0.17730154002716914
numHidden 	6
numGenes 	57
minGene 	-1.0
maxGene 	1.0
popSize 	100
maxEvaluations 	20000
mutateRate 	0.2
mutateChange 	0.5
seed 	1554309138158
random 	java.util.Random@1f17ae12
neuralNetworkClass 	class coursework.ExampleEvolutionaryAlgorithm
Training Set Training
Fitness 0.008022735723823084