0.3221000050643765,1.7373190961171758,1.9661290301932612,-2.331177092916281,0.5921120956097823,1.8035299166719565,0.21304706416428965,-0.8417204852230635,-0.719075449728825,-2.9841622667735423,0.6568914142912681,2.5340819945939685,-0.5442260987973557,0.11508035615836287,1.8626881069645003,-1.8788353613684363,1.0173593989465133,1.9976683927972243,0.29406171036946693,-1.917738208501699,-0.36185524703405947,-0.3086968457120749,0.1744620287972014,1.7249796240275148,-0.6118078933580771,0.4380249834574419,0.4388026227834301,0.7858487843564954,-0.1897528340706729,0.7894479987672944,0.7335637620023032,0.7871321646107943,-0.09427783156515579,0.1281337741715194,0.26987913474732794,-0.045355972323724014,-0.6134195620422429,1.2952680721974255,0.6757928970426426,0.8578494626858595,-1.0849047292530805,-1.577165125308225,4.115295563715332,0.015854440850498586,-1.5571844010680032,-0.8009982042911779,1.8794364262239345,0.47905767469986893,-0.15616961521411632,0.37011579696248886,-0.8677260995960412,0.14613450795505134,-3.67649102045531,1.11142476935439,-0.12207375848799651,0.19264028655421095,0.7248352010224193
numHidden 	6
numGenes 	57
minGene 	-1.0
maxGene 	1.0
popSize 	100
maxEvaluations 	20000
mutateRate 	0.2
mutateChange 	0.5
seed 	1554308419021
random 	java.util.Random@1f17ae12
neuralNetworkClass 	class coursework.ExampleEvolutionaryAlgorithm
Training Set Training
Fitness 0.014058557591365728