0.9441109401344554,-0.030193534864288107,0.21309570961025703,-0.059429025522000245,0.8862591552642043,-1.0833683481681504,0.24360176527239719,-0.007040805016199192,1.3737163430617156,-2.2366695960700143,-1.945590403439501,1.6009422232971424,1.4609406067691812,0.5422913239336622,1.7155352273352125,-0.5522871374412055,0.6804376952833382,-2.1358430868407003,-1.27505100263482,-0.7154949900521854,-1.5994949105544327,-2.3342869599915335,2.495395760634887,0.04608800008849134,-0.5218656112423321,0.06831501578956711,1.1146324250797206,-0.02461398503188872,-0.28652724836321886,-0.8034486518391541,0.3471218009193877,0.305755691108585,-0.6921679874325208,-0.24040319554733847,0.3026736552931433,0.13126128686809757,0.2774868028435147,-3.16384658315188,-1.3383827856752961,-1.0425752589620627,-2.7530900523244215,-1.4988519836600214,0.382875744033486,-0.4427347767962697,-0.3070438464799661,1.3360737085142684,0.0010918895260376704,-2.4717341949437333,0.8669977854639108,-0.33461100897404905,-0.6695511266245886,-2.9383220350273183,0.6788118069863074,-0.10691143198053976,0.8118231660695994,1.5411791347543444,0.17431485484803688
numHidden 	6
numGenes 	57
minGene 	-1.0
maxGene 	1.0
popSize 	100
maxEvaluations 	20000
mutateRate 	0.2
mutateChange 	0.5
seed 	1554308516526
random 	java.util.Random@1f17ae12
neuralNetworkClass 	class coursework.ExampleEvolutionaryAlgorithm
Training Set Training
Fitness 0.011356939444428834