1.7869983298427066,-1.9237989950734573,-1.055219857439799,-2.1449705385284954,0.5066893117198825,-2.2892603301896406,-1.461461906875094,-2.3409282058007954,2.7988764536798105,0.21265217316364415,-0.2698316358143973,0.2568451296142107,0.3951015647573388,-0.4000159096517746,1.6868439643339057,0.036390682483812054,1.9742398486866848,-0.5124830436713654,-0.11776514565492247,-2.7075978072428555,1.9743991868985795,-0.3392172036489751,-2.8153582768850387,-0.973163182747177,2.651156732826265,-1.3853268685308802,-0.5696607196365653,0.5604612085426153,-0.6807425623727887,-0.10610795394783823,-0.15334495136989967,0.43821818315630723,0.6013088016052051,0.6702016054864235,0.3707286177892537,0.7973499882758999,0.5429509608205878,-0.4028204150889918,-0.537309666305315,-0.458625961364173,1.7632080574690392,-1.1058568951145284,0.1294234071320155,-1.2413026220308638,2.977279453812205,-3.3697652555594217,1.6743373493305995,-0.48945373725847396,3.163336384330818,-1.3872550787709397,-2.548401607323166,-0.26959411812227474,-0.5564916566775298,-0.4094697569161363,1.0880358315901208,-0.3194211636477522,0.11256098830179839
numHidden 	6
numGenes 	57
minGene 	-1.0
maxGene 	1.0
popSize 	100
maxEvaluations 	20000
mutateRate 	0.2
mutateChange 	0.5
seed 	1554309022980
random 	java.util.Random@1f17ae12
neuralNetworkClass 	class coursework.ExampleEvolutionaryAlgorithm
Training Set Training
Fitness 0.010181555892623472