-2.2372528583572455,0.3050051958939295,-1.1540946467861928,-1.248721645959794,-0.09497499713057955,-2.383974551944207,-1.779801899635261,2.5814675104148117,-3.72230995688259,2.4035352850216,-1.7465191469352976,-2.190122050225611,-3.2940351619110952,0.6285766671432171,-0.19329415565602237,-1.1170382481041614,0.8326547267781474,-1.8478796181956243,0.23846496853684473,-0.41614983093753,1.9197682643971503,5.56127352340299,2.0713369189890365,-2.1119230914257474,1.1887643044604062,-1.299991276809319,-0.2620888887637014,-0.0890845420739863,0.306100748644772,-0.0433568270214959,0.0018426912235103288,0.8039659329637181,-1.411104318932052,-0.5872506889007767,0.42926600151097793,0.4469557835868596,-0.4719650908978896,2.7992421173677813,-0.26325663450772185,-1.8935773917426868,-1.446310244874361,0.9768750289892938,-0.8125585368613883,0.6201791562778773,-1.4911168149865694,-0.6356993566155431,0.7482419371999549,1.9730990972532263,2.4940062333089514,1.2349531921346746,-0.40399482201093817,-2.1564897446461,1.6148377093987674,-0.8502777413078089,-0.02507579881464328,0.3593874521536864,-0.4748916887873851
numHidden 	6
numGenes 	57
minGene 	-1.0
maxGene 	1.0
popSize 	100
maxEvaluations 	20000
mutateRate 	0.2
mutateChange 	0.5
seed 	1554308649359
random 	java.util.Random@1f17ae12
neuralNetworkClass 	class coursework.ExampleEvolutionaryAlgorithm
Training Set Training
Fitness 0.007355215243597741