2.3946651366604277,1.106919763047152,0.31911356297100624,-0.7597179845427928,-2.480323646240831,-2.5080155979640693,0.525855572263946,1.81394406610913,0.9490744935166433,2.424242077370093,-0.5731603897410742,0.5218562298395693,0.36417403366613305,2.8912547863187354,-2.631471291889608,-2.0126393733489096,-2.567544137822717,2.8233372798624616,-2.9001727221159603,-1.6385321882222335,2.8871361866173944,1.571324135489216,-0.6539213492202833,0.8534434212778259,-0.7845115246185748,1.9585760143619797,2.331946836373568,-0.3662755027225247,1.404830585119918,0.6619021495575159,2.4628350777423655,2.991769286981552,2.1884505382548856,-0.17119385291696637,0.5616097318650424,1.0779313253027583,0.014603234609065291,2.878701282810608,3.0320007856706823,1.0424310585600214,-0.31993015887190684,-2.136526893961486,-1.2178345934957235,2.4559821364249466,1.0256306305642076,1.9780011488606266,2.8915059698696277,-1.3443832418934283
numHidden 	5
numGenes 	48
minGene 	-3.0
maxGene 	3.0
popSize 	200
maxEvaluations 	20000
mutateRate 	0.01
mutateChange 	0.05
seed 	1554397277360
random 	java.util.Random@1f17ae12
neuralNetworkClass 	class coursework.ExampleEvolutionaryAlgorithm
Training Set Training
Fitness 0.12868181450931393