-1.063785685906336,1.7890391765617935,1.4028363914437338,1.446384398196562,-0.5072743134698221,0.6191174295000355,-2.3045636482140552,-1.2634348837084022,1.9515634023257562,2.5801151195580783,-0.8357096731413285,0.41764174601520054,0.8861404413475098,2.424577612734878,-2.315344057323058,1.9044116079871753,-1.963706224800725,-0.47543592550089714,2.1182864998633795,2.086458797682864,1.542835252064886,1.5773198303851388,0.6048560575408333,1.0007198477135226,-2.339638242982375,2.7668397070470583,0.8029982672796916,-1.0257832533038251,2.5655451491543566,0.08360450244568708,-1.1856067070026866,2.3913878604192,1.4699258898846195,-0.6565532697488352,1.7848855379338762,-1.0021289358791348,0.7755267624689912,-2.977329045231513,2.1246608962134133,2.6975122879233258,-2.571599086474727,-1.4097733958227625,-2.174941106122259,0.981797161419232,1.5295276887990756,0.7689047076311444,0.07264247206137657,2.350824845616427
numHidden 	5
numGenes 	48
minGene 	-3.0
maxGene 	3.0
popSize 	200
maxEvaluations 	20000
mutateRate 	0.01
mutateChange 	0.05
seed 	1554397925887
random 	java.util.Random@1f17ae12
neuralNetworkClass 	class coursework.ExampleEvolutionaryAlgorithm
Training Set Training
Fitness 0.14133320885063966