0.09894370615955701,2.634126406556957,3.047843363453442,-1.424029339887695,-0.9289174594812748,2.408625611306716,-1.8525539383512586,1.8226219187150026,-1.5039137613031008,1.984591090652495,0.2650754843702606,-0.144882136815564,-2.2358302268368755,-2.7581477902575333,0.32880845659455105,2.709440080028008,1.0171625484911146,-1.324035768703532,0.9203797496383324,2.9439529751892124,-0.7938877670825264,-1.1124737683343524,2.733734364474415,0.009591097276458169,-0.6380697343600031,-1.2734204900000883,-2.180165115476461,1.834223685444125,2.7547002223142787,0.37620235448983247,-0.7560707000168938,0.5668426047224868,-0.6721795048440935,-1.6331549939359429,-2.439214750679257,2.7033852589013314,1.6411966952556183,1.507863630417793,2.230195001802538,-1.5703212899079408,0.34324566445567645,-1.2448587464591836,0.6493467110526414,0.218163461918763,1.364523422928834,-1.046401765631945,0.020461173185307407,0.45372634221095437
numHidden 	5
numGenes 	48
minGene 	-3.0
maxGene 	3.0
popSize 	200
maxEvaluations 	20000
mutateRate 	0.01
mutateChange 	0.05
seed 	1554397190427
random 	java.util.Random@1f17ae12
neuralNetworkClass 	class coursework.ExampleEvolutionaryAlgorithm
Training Set Training
Fitness 0.12912029194141458