0.3881915869143004,-1.9739888266132362,2.263723191397413,1.6547289428812229,-1.8898310384206913,2.97234647408795,-0.18634849448473378,-1.6516970655947647,1.9045017399812576,2.0237346054133862,3.272718176055938,-1.0516295108571792,-1.5863842360100464,-2.364334296172378,-0.6590188232582614,-1.165572996966788,1.612391020056248,-1.7710441905126937,-2.5306475030392157,-2.7997733201762065,-0.0046222999988518865,-0.2035124749488686,0.0985669868875032,-1.269646777463988,1.4110322633330477,1.7671239275617117,2.6135970369931005,0.7406207235588376,2.1574626822186893,1.9919676160607052,0.3004638654515025,-2.3941205147501856,-1.541530116348232,1.4193120564370136,0.8654438652993055,2.8187183677284198,-2.569531749729752,2.0133007823039053,-1.062787230757788,1.5799798618477772,1.0301662826109879,2.4474839540227755,0.12052106907485298,0.8669248896299528,-2.760316024245939,2.2681334889330094,0.4555362478320889,-0.24269213154429536
numHidden 	5
numGenes 	48
minGene 	-3.0
maxGene 	3.0
popSize 	200
maxEvaluations 	20000
mutateRate 	0.01
mutateChange 	0.05
seed 	1554397836359
random 	java.util.Random@1f17ae12
neuralNetworkClass 	class coursework.ExampleEvolutionaryAlgorithm
Training Set Training
Fitness 0.16336904082242948