-0.4186498456846799,-0.8725120428701405,2.815659526227609,2.314997058784882,1.6666285700139276,0.2400189763215126,2.9098352660907674,2.0572941761152608,1.543449226749246,-2.860168495634608,1.9276983766175082,0.31749440077469027,2.5387156169972505,0.9204052465910155,1.5983244644326384,1.0434823875931816,0.6678030419825152,1.4082109191173195,-2.6766997759429385,0.034702530509040486,-1.8146386422049303,-2.022345653487032,-2.289487297225424,-2.4383679543169574,2.8472152413440304,0.37583658153302685,-0.7617465505611376,-0.068918967685455,0.33892954775739775,0.43085219487411575,-2.534621159237865,-0.6041768806862429,-0.4246638413763151,-0.2924401785037918,-0.6129319335168324,2.7820703827917255,2.2833854507393614,-0.3521619692492381,0.75242588940442,2.595400792220121,-2.9264146136219127,0.8507987791214242,-2.1038688790975457,-2.3662055689540997,-1.7858999868103445,1.6010225362016985,1.8501470543850873,2.249293999332079
numHidden 	5
numGenes 	48
minGene 	-3.0
maxGene 	3.0
popSize 	200
maxEvaluations 	20000
mutateRate 	0.01
mutateChange 	0.05
seed 	1554464600152
random 	java.util.Random@1f17ae12
neuralNetworkClass 	class coursework.ExampleEvolutionaryAlgorithm
Training Set Training
Fitness 0.07051681370957792