-1.8730623694757325,-1.0997743138785476,-2.6161624959941614,0.4986276067536384,0.31741031435530837,0.010735387158262458,-2.7807405817758264,1.9565866606087956,1.3993542899610079,1.0948230473904281,0.39704303895853466,-1.2985775606428636,-1.5078101970697897,-2.4062892183748095,0.8862164915807957,2.588495482717005,-1.5452047239304785,1.0707258229475698,-0.05255475035649235,0.719048763553741,-2.3614193489174053,1.7716018819377555,-2.1034011284622505,-1.9624195280960814,-2.203418511260989,-1.8834685199631265,0.6087270432438965,0.6309051734662356,-2.0679253173960896,-2.1491573435762725,1.811937268506826,1.4195945839222504,0.9451368115439713,0.8427863963048483,2.977627078610812,-2.3435714839559,-1.8673086092143218,0.4663400109555793,2.4270379968457574,-1.2290244393639285,0.9750914703030995,2.795290878250987,1.2732300291018956,0.6590846269479655,-0.8281515490159803,2.4725961410142236,1.5229898596414078,2.6788944078569497
numHidden 	5
numGenes 	48
minGene 	-3.0
maxGene 	3.0
popSize 	200
maxEvaluations 	20000
mutateRate 	0.01
mutateChange 	0.05
seed 	1554464283007
random 	java.util.Random@1f17ae12
neuralNetworkClass 	class coursework.ExampleEvolutionaryAlgorithm
Training Set Training
Fitness 0.05258961865341864