-2.3264713324670545,0.28653156577176386,1.1189287496065983,-0.8908560508610783,1.3150759861353052,-0.48214531057883575,-1.876354456845463,2.163580319663959,-0.21184005825179408,1.640625437146107,-1.9736459823696058,-0.3379299289168666,1.762566216637249,-1.3323536258495894,1.1487234926029188,1.7152768886578489,-2.7610963684903447,-0.7633216364932782,-2.922951335283577,2.832814107480342,2.2882811769880407,2.0820516645241627,-0.6607978277629902,-1.7893422425116332,-2.7610613518727156,0.6378933542796781,-0.9655145479251737,-0.6976607240801709,-2.43444616825564,1.2162945816356878,2.0273600673417693,2.830508411276692,0.6704690098135562,-2.2675839286037887,-0.7572245529383139,-2.9586196145537604,1.6202923289484916,-1.4018953023789633,0.037390233504828174,-2.090073561056461,1.522919091918563,-0.17305232630858675,1.4304378653493988,-1.6557295527009606,0.7822464084378966,0.778267339286681,0.8020888940371858,-1.467069209334925
numHidden 	5
numGenes 	48
minGene 	-3.0
maxGene 	3.0
popSize 	200
maxEvaluations 	20000
mutateRate 	0.01
mutateChange 	0.05
seed 	1554464207161
random 	java.util.Random@1f17ae12
neuralNetworkClass 	class coursework.ExampleEvolutionaryAlgorithm
Training Set Training
Fitness 0.087224182718823