0.06459811180482466,2.9367057005149038,-2.067525504004319,1.092679822626855,-2.4610108924221197,0.9391123132966561,1.4738091677881417,0.7991092601350536,-2.875530334759926,-1.4396477438116468,2.7754286469896066,2.0917161185437774,0.5364532426204622,0.9139336613854214,-0.17862511332968156,0.5780323185425882,2.8239885774784836,2.302903510161747,-2.407327364224322,0.8801804221430474,-1.5343611581047787,-2.6556828566940176,-2.8072778879026887,1.4044810929009541,0.9212304710304915,0.9526094607686848,0.9907116102367892,0.8863822482309878,0.004671477812130398,0.1854116839356415,0.9277727545460048,1.7565277626088653,-0.7179486104526889,-0.25697438444165055,-2.994208723208205,0.31970150977864886,0.08525707473412814,-1.9496227142748164,2.7948188397639564,2.2688941431886267,-2.1015821882346346,-0.9182335547309668,0.02320366940018266,2.8677286333315877,-1.7475883506614294,2.091101958135914,1.8658050692443948,0.6342270004352308
numHidden 	5
numGenes 	48
minGene 	-3.0
maxGene 	3.0
popSize 	200
maxEvaluations 	20000
mutateRate 	0.01
mutateChange 	0.05
seed 	1554463940473
random 	java.util.Random@1f17ae12
neuralNetworkClass 	class coursework.ExampleEvolutionaryAlgorithm
Training Set Training
Fitness 0.09736650637866104