-1.7637942171024754,-2.913266407634726,2.810944629201656,-0.4335902545510124,0.8395586838945246,-2.92383567795631,2.5920942885948195,-0.9007116374065123,-2.4866963173933163,0.18969445843096944,0.45194278126158,-2.7807393585373568,-0.25671903041596195,-1.7907346097084684,-1.8091560726274272,-1.3536468441431162,1.5490292609740053,1.8501167053498717,-1.5213662536207087,-1.9935886978881305,2.9331925135051193,-1.288024557771307,1.1074678639942732,1.1932500253909855,-1.2465869930783555,-0.6697775995724251,-0.6037800776712721,-0.5147721186881442,0.4183308779487094,1.202757072435352,0.29466734405139333,2.066731544227645,-2.8483137636685516,-2.291396771401076,1.5106785395040874,1.628930582677867,2.065005078695613,1.617175940423766,-0.8994679430125916,0.5948643403250857,1.9501522268527982,-2.802013521776271,-1.0523452651633702,-0.085140121475815,-0.9674484392601668,0.7056608990697719,2.0890776039354577,0.5615138751894797
numHidden 	5
numGenes 	48
minGene 	-3.0
maxGene 	3.0
popSize 	200
maxEvaluations 	20000
mutateRate 	0.01
mutateChange 	0.05
seed 	1554464361814
random 	java.util.Random@1f17ae12
neuralNetworkClass 	class coursework.ExampleEvolutionaryAlgorithm
Training Set Training
Fitness 0.01973810079133343