2.553970202898493,2.8453110591889033,0.9595935336902988,-2.376917020419379,1.3330255932849122,0.2788826312506904,-2.2155709764886335,2.042661603886053,-1.2761802316578708,0.2878741529884808,1.4314836789264573,2.913082504192147,2.767675394395166,-0.7745306117048649,-1.227577878566738,3.3137593212893472,2.756908013194577,-0.29929531254735237,1.7432426743510359,-1.6049422255428238,1.8502508079145752,-0.7399153351336476,0.7739058395609746,0.4141466680322628,0.190487543351197,1.2064252547384244,2.880615400001144,-2.0110209638475425,-0.8611650086247167,1.000225536892913,1.3960319013752238,1.9436328058274055,2.6839690356490626,-0.058398295426199454,0.19981071184299426,1.7647268154285094,-2.38554504241588,-1.9289457159857526,2.5364610475943694,-1.7273907113522866,1.861697104551606,1.3050697114673904,-0.330362671147774,2.482502840595041,-2.4236158871538382,0.08779563104371953,0.7215804148761347,1.1897733952577838
numHidden 	5
numGenes 	48
minGene 	-3.0
maxGene 	3.0
popSize 	200
maxEvaluations 	20000
mutateRate 	0.01
mutateChange 	0.05
seed 	1551736986800
random 	java.util.Random@1a6c5a9e
neuralNetworkClass 	class coursework.ExampleEvolutionaryAlgorithm
Training Set Training
Fitness 0.19221134577527624