-1.9182508111370236,2.4373352605755683,1.7480857804453098,0.661979730672468,-1.3381002630224919,2.148798185557496,2.134006645486581,-2.4862298180674864,-0.8134066952003149,2.092521430542096,-1.5819182252586326,-1.02505420905222,-1.8519591823247048,0.2794384474789588,2.84070777362878,-1.91412512944397,-1.4516674856742513,0.7082970317354436,1.5347447940229053,2.774091747052501,1.2161301094805537,0.026509498614021243,2.5645917251016046,-1.1843533228701943,0.6790357075714715,-1.5327564490244219,-0.8006507298515253,0.590318404289609,-2.0703884219583344,-0.48100702779163806,-0.9062102066033111,0.9898565048436241,2.7163892857483374,0.13660011893355278,-2.812040042226651,-0.9150946911029827,-1.2779414501429898,1.9929366736367466,-2.039145355142749,-1.209753207922392,0.9593943705831232,0.8481826560578305,0.7857070978168665,-1.0105187663648243,2.721333586251647,1.4288812010431045,2.6340529947101947,1.3892521759088925
numHidden 	5
numGenes 	48
minGene 	-3.0
maxGene 	3.0
popSize 	200
maxEvaluations 	20000
mutateRate 	0.01
mutateChange 	0.05
seed 	1551737468080
random 	java.util.Random@1a6c5a9e
neuralNetworkClass 	class coursework.ExampleEvolutionaryAlgorithm
Training Set Training
Fitness 0.1375479432693672