1.7633723803141992,1.7630016132200539,2.119583066013793,-0.626564599066304,2.665434209843167,1.2731458982543753,-1.8803861215543731,2.980829359544378,-2.027577150396792,-1.1925291393040267,0.9496880967112997,1.3836053386840212,-1.5336779462579149,-0.6452225655103305,-2.155734774640491,2.870514967275991,-2.0947839989730417,-0.3541984934406197,-1.2134591899028853,-0.7412622884802844,-0.587579111711088,0.11654830403864978,-1.0812535885586008,0.020808146787826054,2.160369319755274,0.48196254662032306,-0.7023152722733944,-0.14311867196946199,2.3344849964032495,2.339062148191828,-0.8772714381299267,-2.2093533102669274,2.518151880653141,1.6839005037488304,-2.736868190383425,2.3761816832780394,-2.4667632836595246,0.029451549693945367,2.298602396979593,0.7995232076626884,-2.8985144343524203,1.1517519711196154,1.611698916852097,0.3927160965981176,-0.08952764996207119,-1.4806361137895725,0.7327250427212915,-0.15041345550897756
numHidden 	5
numGenes 	48
minGene 	-3.0
maxGene 	3.0
popSize 	200
maxEvaluations 	20000
mutateRate 	0.01
mutateChange 	0.05
seed 	1551737311480
random 	java.util.Random@1a6c5a9e
neuralNetworkClass 	class coursework.ExampleEvolutionaryAlgorithm
Training Set Training
Fitness 0.07737133785185803