-2.268356796663473,1.8834868344632405,2.322631985562847,-0.4454908844367555,-1.2321522257309387,2.4091046355026,-1.373379416807131,2.390436760938295,2.2041950389299405,-1.9947170276123563,-1.9311520208232895,-0.9548202920475068,-2.183630169327288,0.7973921857382873,1.073185716570672,0.4913562320236819,-2.6975033758857996,-2.095236138313874,2.917893571265772,0.15108660091781712,3.14367810773979,1.749190588689631,1.762081644529939,0.3416373599516853,0.36996122482838034,2.0808993825495463,-1.7596609183927583,0.6354073898735715,-2.999920023220293,-2.7327983883273115,0.740555939832779,-2.9191722388383097,-2.8864448746089026,-1.1863674877357944,1.3139500942229612,-2.750896920185935,2.2914673526486258,2.899499586713059,-1.712205095298253,0.8275832482391767,-1.8725457872718723,-0.7406275855630344,-0.4396734289065378,-0.7760859807771421,0.1132150233536005,2.7791529041982823,0.9537967824727944,1.8759724905505009
numHidden 	5
numGenes 	48
minGene 	-3.0
maxGene 	3.0
popSize 	200
maxEvaluations 	20000
mutateRate 	0.01
mutateChange 	0.05
seed 	1551727968618
random 	java.util.Random@1a6c5a9e
neuralNetworkClass 	class coursework.ExampleEvolutionaryAlgorithm
Training Set Training
Fitness 0.13703763493426252