-2.119471230744885,-2.3829014534403985,-2.5669082983187357,1.290918859966023,0.2524737816988386,0.1248501974514664,1.1218371099407909,-0.41189018577731995,-2.391417184029625,1.8403413759457763,0.3982882641875447,1.4567097676170526,-0.21229007741016126,-0.12633547830099862,-2.231274142550463,-1.7953657946776638,1.9419123291591902,-0.16017515117741254,-2.8681036016316934,2.8934602927788715,-2.50586114704065,0.4245096181517418,-1.0694611928742979,1.3312598336538317,0.31414465988799023,1.5727929775916618,-0.17503620297867528,-1.1629321730583917,0.4018302345490997,-2.7898114088597867,2.420656861397446,0.17760821358241508,-1.4128798371719435,-2.1027450275023503,0.17054629572668317,1.4374477828560026,-1.7370739800440136,-2.1517357422480097,1.1987515162408833,3.0317916400890352,1.2626520911199792,-0.9887681824421226,0.20629585345367962,-0.4433135351497678,-0.4238683828453878,1.3609087263986677,-1.8295577168848427,1.9944408068222028
numHidden 	5
numGenes 	48
minGene 	-3.0
maxGene 	3.0
popSize 	200
maxEvaluations 	20000
mutateRate 	0.01
mutateChange 	0.05
seed 	1551737188117
random 	java.util.Random@1a6c5a9e
neuralNetworkClass 	class coursework.ExampleEvolutionaryAlgorithm
Training Set Training
Fitness 0.155765383471745