-1.951174014316919,0.8869337252973211,1.644980690165312,2.0227717569648354,2.6452651733053596,-1.5770897826607835,-0.44652637531871686,-1.8080211891198275,2.6295793765823765,-0.027993293515995707,1.7370599639777806,2.431494080754706,-0.5588670306794965,0.741472270219611,-1.2070703030167347,-1.559846991454874,-2.430856390662636,0.15092893854005096,-2.098161316895908,-1.71369655719921,-0.17462921744852233,-1.1763247631366092,2.527009217005559,-1.5476244138445292,-1.3511852100339656,0.9333233522800919,-2.621616898049762,0.8952294253827948,-2.0433296782813892,2.4703096025093103,-1.0124712196319579,-1.5524399096213353,-2.2852349511209176,2.1361755084640803,-1.7587643076862083,0.8727518879753351,-0.3528019357397281,-1.645623268599414,-2.38793376599697,-1.5898213721652097,-1.811124034805232,2.9047358579733498,2.351867383241294,1.6100617614288242,2.8061310796309336,1.294517507927213,1.6294820479958945,2.8066030556635084
numHidden 	5
numGenes 	48
minGene 	-3.0
maxGene 	3.0
popSize 	200
maxEvaluations 	20000
mutateRate 	0.01
mutateChange 	0.05
seed 	1554393070086
random 	java.util.Random@1f17ae12
neuralNetworkClass 	class coursework.ExampleEvolutionaryAlgorithm
Training Set Training
Fitness 0.13704658451685378