0.775669712382139,-1.1849886727714112,1.7272555898699018,0.42573605258297975,0.9778302446353466,2.167805714940344,0.9999297272257806,-0.6274115036526655,-1.0369373436808058,-1.113021173769976,-0.9882069852099449,-1.4025727928712863,-2.2802229374254703,1.431281413050831,2.5391221987233354,0.15593611120650452,0.6727196893006522,-1.1849926460607048,-2.769444238116614,-0.3703428637564885,-2.3281441708429593,-2.39341297462765,0.934431440427792,0.05515153958969528,-2.3692942178950096,0.7163026137923711,1.2852613641411375,1.2062152074841503,-0.7412040602051688,-1.0432442483579056,-1.975715312782766,-1.7085054010662153,2.7778166945829277,-0.5734860185326367,1.8427087060233296,2.465384216681846,2.493493223754146,2.671660709664139,-0.4625812845826571,-1.2768523670431502,-1.5348979556171216,1.671769482453653,0.7076156795726765,0.9617396977230743,2.071985437621395,1.0761208198168,2.2970033483746475,0.08585954380500134
numHidden 	5
numGenes 	48
minGene 	-3.0
maxGene 	3.0
popSize 	200
maxEvaluations 	20000
mutateRate 	0.01
mutateChange 	0.05
seed 	1554392997509
random 	java.util.Random@1f17ae12
neuralNetworkClass 	class coursework.ExampleEvolutionaryAlgorithm
Training Set Training
Fitness 0.1456621934086893