-0.7728020659107644,-2.338446839459828,1.3294362343182005,1.8941324569997633,0.7321485758975745,2.4963801269841017,2.062591688238439,-2.944655323688637,2.592921131620278,1.7547521015115306,2.8967291310477865,-1.6221498124622475,-1.1094373124862729,1.1008826086225207,0.8689930506369796,0.757104003540344,-1.6571472153258757,0.7611739954116787,2.000768688378372,-2.576735418763681,1.1664824024276745,-2.5944324177886573,-3.0301265767401153,-0.04583855704044204,-2.492028305807194,0.7681611578089393,-0.31773426349680634,-2.793693419219981,-1.6323202128147867,2.7579128652202582,0.9229005011720055,-0.781516712944553,-0.763819271891949,-1.4229537911425698,1.2790278894465326,2.577984118799365,1.2447042303312355,1.5190664898227224,0.1804054962971005,-2.537377544352288,-2.4987420277856716,-1.4899008184438849,0.2395680905357258,1.8321872889584307,0.29147250695611937,0.4865535232253948,-0.6485341849906039,-0.25894391752406565
numHidden 	5
numGenes 	48
minGene 	-3.0
maxGene 	3.0
popSize 	200
maxEvaluations 	20000
mutateRate 	0.01
mutateChange 	0.05
seed 	1554392815525
random 	java.util.Random@1f17ae12
neuralNetworkClass 	class coursework.ExampleEvolutionaryAlgorithm
Training Set Training
Fitness 0.16785483058149933