-0.529999927551794,1.7855471609705185,0.019620999400506878,0.06194152617154847,-2.028298189595808,-2.5884483632798663,1.3493896850619302,-0.7640174633947698,-0.6091776772651001,-1.472108203836631,1.7088380907550436,-2.6034270357277514,3.0116179628937108,-3.4193363189840746,-0.20666151747279637,1.4592112609746892,-0.6229352864996219,0.5865499831330045,-3.1049767142904567,1.1653825163879072,-0.8097235000250997,-1.7484931792654117,-0.2067085167944065,-1.978765200526323,-1.8856589453522608,-2.2201504147177333,-0.2705170803993849,-1.8376059832651415,2.7988106749490123,1.7777576768212513,4.426019516866346,0.645873658163455,0.7874335070224764,-0.15086615146289167,-1.4790823020282653,2.0633518931099273,0.3287534758912971,1.0144986170508627,2.1762546395846343,0.74360757176662,-0.801618587351682,-0.7690049451159089,-0.9483153575040474,0.09506536073824767,-0.6126460570407389,-0.09429787540820855,0.12470448449356875,1.1794632115638393,-2.09573193264335,-0.044899717044560084,-0.2447456753499722,1.1032018810399853,-0.6774356577295302,0.12550548943689943,-1.5650979513960124,-0.6813026492303207,0.5300824151184842,0.8497475805323919,-0.685243832664119,-0.12269748452299845,-1.7590572002057483,2.9056687971557245,1.0317946895392152,-0.24891769875081093,1.752203486270005,-1.9455482209399113,1.3639915388636201,2.386707940469873,0.7030007155241651,-0.2656491192902958,-0.17804405262004364,-0.15541948308281206,-2.624127645036982,0.33277640807710823,0.1871235617729361
numHidden 	8
numGenes 	75
minGene 	-1.0
maxGene 	1.0
popSize 	100
maxEvaluations 	20000
mutateRate 	0.2
mutateChange 	0.5
seed 	1554487021043
random 	java.util.Random@1f17ae12
neuralNetworkClass 	class coursework.ExampleEvolutionaryAlgorithm
Training Set Training
Fitness 0.01964766596338852