-0.9848327657100464,1.373948514768439,1.2455466983099122,0.8606776314803569,-1.4886052744551526,1.3898162077056577,-0.2661480240174899,0.289224835854735,0.555292428537773,2.4383829040553495,-1.7129372282899396,2.074256447286182,-1.1230128830647983,2.0335400832902737,-2.362984435936185,1.5603819972971162,-1.2016205050642998,0.6139780977291638,0.17418669641352624,-0.1256319438744632,-0.6121740317893908,1.3589512338155634,0.8765951888708439,0.7449127927593486,-2.1239280449742015,-0.881527448241266,0.6281239221301135,0.8924814690444232,3.513283311569977,0.6678033203927949,-0.857174489093671,1.3222751019634917,-0.05023629752537673,0.608035997965146,-0.38097072932839554,-0.4112444046359586,0.1478630226025966,-1.3632565544826223,-0.6610695502342087,1.2278523363037444,-0.8459859742799813,1.6462401787553476,-0.30459342103821246,1.1603787131795646,0.41762352317847196,1.1556692272396316,0.5093946913945793,-1.009232909180394,-2.9749267837990674,2.898779137500306,-1.889621318378651,-1.6154531843923414,-1.9359774931952516,1.3129973173744107,1.859768723206612,-2.362734530651508,0.2899269594479338,-0.4959102859275404,0.16853021140444757,0.5384166170355431,-1.446711962363525,1.8397664322190113,1.2257996719023785,-0.7860007308675359,-1.3579793938629257,0.8965734923595505,2.6546579219553035,1.9523312334311522,-2.304619810693185,-0.5361124285469234,0.7952613020950421,1.721380690171761,0.16637359835840376,2.7306000915593356,-1.8968921676791934
numHidden 	8
numGenes 	75
minGene 	-1.0
maxGene 	1.0
popSize 	100
maxEvaluations 	20000
mutateRate 	0.2
mutateChange 	0.5
seed 	1554488241561
random 	java.util.Random@1f17ae12
neuralNetworkClass 	class coursework.ExampleEvolutionaryAlgorithm
Training Set Training
Fitness 0.018101854896619946