1.1008917539254746,-2.4375662462553196,0.5889844872076387,1.152084101249785,-1.7476602383962954,0.6379707277200112,-2.5073450032998306,0.859155017908741,0.8733529272465288,-2.895874672092023,0.5314591294251656,-3.070308527616391,-0.8762293661046486,0.8191466551518729,1.151991545396754,0.8796547016148518,-1.5224445817180294,-1.7368220834940815,2.2850224711199894,-0.6194840861394393,-1.2442419628764079,-1.0069062860723832,-1.294805491586723,2.0487697733389596,0.10220122784564994,-0.7622059431335428,-0.10323544226233738,-0.10370631881690562,0.7372771643829792,1.4999404776425442,1.3313469427449043,-0.45204567645817406,-0.999929631605585,0.5208806823274519,-0.49097198476979154,1.5338802095867998,0.0506069442665491,1.0106501084733055,-0.9911734592670509,-1.3284439130365615,-0.05833584543947756,0.2201786165425874,-0.34450941980171196,-0.4927335408801298,-0.21940581028542916,-0.34277567608460435,0.15317041188005642,0.7888820590330117,-0.14290237283813867,0.16278016053394284,0.37271767776577036,-1.070317832595173,2.2969310881216307,-1.9674064573138996,0.4708804340476135,-1.154432235497286,-0.6484467123806145,2.684690180700998,1.5049246413218724,-2.237387136385065,-0.21236577889901753,-0.08527706536425472,0.07175997072363127,-2.474642882711417,0.20674954890358266,4.551959056986691,0.29894025133556784,1.0756000708505191,1.3198147176449004,0.6482243737782817,-1.236812591196502,-1.7786576057000327,0.2040057756274774,1.0533026170845963,1.5086828154712144
numHidden 	8
numGenes 	75
minGene 	-1.0
maxGene 	1.0
popSize 	100
maxEvaluations 	20000
mutateRate 	0.2
mutateChange 	0.5
seed 	1554488004749
random 	java.util.Random@1f17ae12
neuralNetworkClass 	class coursework.ExampleEvolutionaryAlgorithm
Training Set Training
Fitness 0.02299207319873471