1.0106612651660047,-1.8588414449651123,0.2970865228763949,0.863596548787336,1.0320522706823805,-0.4170334381967691,-0.7907662456576232,-0.0639740969003526,2.5936948645829045,2.036333812509286,3.551563212777892,-0.08359655334454075,-1.9499163874874965,-0.5244743951349015,-1.0146463807345536,0.6718602577229686,0.6823557496058612,-0.27946169492841433,-0.5577151960000853,1.988397970899442,-0.6016950729678064,0.1953091540664622,-2.252326260825674,-0.25505285364953467,-1.490499907411151,1.1554863662410306,1.3636543604178768,0.8491773888958312,-0.6931284271356486,0.4593982589210026,1.3143864163168377,-1.8900724481737723,-0.30328697007359506,-0.024336848451962045,0.17227012064957642,0.5336588039899384,1.473925593889877,1.26022615156558,1.807278494366904,-2.845236597896818,0.07891984243279576,-0.44141030551280436,-0.24799438718894135,-0.5226932253918863,-0.4044724107593427,-0.013241501877513717,-0.46640438919676797,0.3872433094942553,-2.797709036843571,-3.4087583584218883,1.2401642430132094,-3.1591282439983117,1.1097724092098882,1.4103908682363495,-0.4039882090895916,-0.4359969513305171,1.9170019950968573,1.1584225634241607,-0.3689667008018218,0.5497356596005055,-0.5038223552781649,1.496856670879998,-1.8834142520942143,0.8716950138706927,-0.05754825362683452,-0.19506724330513148,0.35134025169903904,0.7037382675547152,0.7215146273112159,-0.950834776812297,-1.2808378176327149,0.01015584055359764,0.0031848032033902074,1.8217288017042985,0.17051022056465953
numHidden 	8
numGenes 	75
minGene 	-1.0
maxGene 	1.0
popSize 	100
maxEvaluations 	20000
mutateRate 	0.2
mutateChange 	0.5
seed 	1554487384407
random 	java.util.Random@1f17ae12
neuralNetworkClass 	class coursework.ExampleEvolutionaryAlgorithm
Training Set Training
Fitness 0.015960015473761878