0.34829161969371436,1.2498989330238781,1.0572934407745556,0.8735869011377968,0.5607126759985234,-1.0456048609455333,-4.170369133894988,-0.8476732692231645,-1.6561424603543695,-0.6843822552964557,2.4555766531442202,2.7521059401883825,2.516791347214644,-0.9871457849852268,0.2767438408041012,0.7738445469579548,-0.8049968980077489,-0.20539671593022285,-1.58115620877157,2.2453429392618234,0.3100360994958375,0.5610565473153615,-3.646766654087764,2.521835479818087,-1.0193705210929784,-0.09752569741830591,0.3657583605674728,0.8262163682403996,2.864273094651976,0.08212244867138652,1.5956360352245136,-0.8787959221479962,3.230254753828815,1.5551697784898135,-0.23388872011357664,-0.211169367235303,0.8043857917451281,0.9507288371853782,2.3800143397456335,1.7377132913777003,1.549985500700633,-1.4200620259107557,-1.5793246463731112,-0.01630241678785338,0.0231617576921771,0.38645096381025257,-0.3568869356699338,-0.9339725617539794,-0.3982305091114351,0.2275260388950771,-1.2209460530982676,-0.46727130650721294,0.5220355860137272,1.1897181348078871,-1.271396740731496,1.0820583731617217,0.4317171865593485,0.42199888456528156,0.5945011516383008,1.3003262323345668,-0.9985184312587896,0.45056841824086047,3.3937562711776774,-0.9933789539007739,-0.7538005561424274,-0.9596192939776281,-3.6441444631505986,1.2207966953939042,1.2204358039102752,1.357210256895125,-0.5877683641836542,-0.023479824012983208,-0.5041254823133493,1.0427221436178007,2.3776265298239885
numHidden 	8
numGenes 	75
minGene 	-1.0
maxGene 	1.0
popSize 	100
maxEvaluations 	20000
mutateRate 	0.2
mutateChange 	0.5
seed 	1554487135144
random 	java.util.Random@1f17ae12
neuralNetworkClass 	class coursework.ExampleEvolutionaryAlgorithm
Training Set Training
Fitness 0.019247525772195455