-1.9091216623668448,-0.7623446739462345,-0.782329819594912,-2.159837849688269,0.6277405695243906,0.8582418758779298,1.0082720463626724,1.1085101220477975,-0.05692507953964243,2.587887272257865,0.3977592817591774,0.33407210254855146,-0.4473745454556912,0.31679700309612024,-0.08745526704873186,2.0834908665638006,-0.6669351429998545,-0.44948104404443356,-1.366373485722337,-2.687825700372608,1.0312753348586323,-0.2837275952220377,0.3208856923965072,1.4019327658550438,1.1156152532494952,3.4600209061022023,0.21545772622168002,0.731128741219296,2.84550623454427,-1.1238012119221912,1.3028406927296177,2.823278384477571,-1.0295930869438412,-0.41990255710127034,0.7269568683029173,-0.679725793917667,-0.19214819661919902,-1.108513754503218,0.8471796601940443,0.8531064942815969,0.07202833852727086,0.8472435820328619,-0.4742727760993383,0.05318409039605132,-0.003487758688552778,-2.4802642956283254,-1.940946770398521,-0.7792385840700173,-3.0175169802722155,1.1847017687167027,-0.42625570805579016,0.5548918497594566,0.11832461356722712,1.3686601668597163,-0.13961266996491595,1.6591056850737649,0.44374099433729675,0.2871657577509904,3.066133189780314,0.3055469430683224,3.4389877212762245,-1.1141427515941542,1.2074597658259276,0.7249911570420855,-0.37621357847935005,0.4141274722857662,1.3481445361891151,-0.7636475635998106,-1.2749479937429795,1.0525246846888539,0.854596874227119,1.3123932227733515,1.8165049350832403,0.3120248379261541,-0.8392834338381833
numHidden 	8
numGenes 	75
minGene 	-1.0
maxGene 	1.0
popSize 	100
maxEvaluations 	20000
mutateRate 	0.2
mutateChange 	0.5
seed 	1554488111645
random 	java.util.Random@1f17ae12
neuralNetworkClass 	class coursework.ExampleEvolutionaryAlgorithm
Training Set Training
Fitness 0.012446219563408504