0.8521387495927625,-2.216882586976415,-0.2652133612243419,-0.1477377361322858,1.380801744261961,2.726429887946271,0.4880450237854156,2.6884080824239516,2.27639018075366,0.9193503364101961,0.5336405939324156,1.863937651518492,-0.8787860221997252,-2.9206423407470563,0.8830144810591878,-0.7072202630335297,0.7004472813523797,3.9887795507515467,-1.2768840350033062,1.6254390322795,-1.391709255987091,-2.087183401127887,-2.880616394593279,4.176035583547032,-1.319352222355357,0.5169854860292902,-1.9326604995268761,-1.4964852607852026,1.1036406682584259,2.708800051304689,-1.6537898633120904,-0.5079998017167526,0.3175064471686098,-0.07010596805984348,0.004786311280446043,-0.42300562689312793,0.11510603374265627,-0.584850276710629,-0.8005125542345137,-2.9228668065023733,4.023606708903748,2.65891221056647,0.03543104197350044,-3.7637974712602658,1.9248329377106257,-0.934882859058616,-0.46996143553767405,0.16360613386934397,-1.034436632200494,0.19824416295858238,-2.5483673994160334,2.540220518092533,-0.6403392681327409,1.722798379559689,-0.7252242881800997,1.2791046896262057,0.19360909976221075
numHidden 	6
numGenes 	57
minGene 	-1.0
maxGene 	1.0
popSize 	100
maxEvaluations 	20000
mutateRate 	0.3
mutateChange 	0.5
seed 	1554388100799
random 	java.util.Random@1f17ae12
neuralNetworkClass 	class coursework.ExampleEvolutionaryAlgorithm
Training Set Training
Fitness 0.011539560602463866