2.7362704270230975,0.6977676023281025,-1.7630786537613243,-2.2049832440968378,0.4697569277420391,0.4118865016976829,0.5801207932014909,3.647599998358544,-1.4954045910858187,-1.8987540272851342,-0.651000523356938,-0.6561759560497615,5.53833412258164,-1.0714471700164023,-0.26454677649711444,-0.703460253603117,0.6306696941001672,0.003154854239347693,2.2049777251956857,6.70849430764261,-2.8193719386544296,-2.00995895596541,1.7236210532268519,2.871643797039181,-0.8794716514045245,1.2835511043218322,1.371958388362883,-0.7860763369328951,1.4191847954556351,1.7799344990997086,0.16565268817103984,-0.3242526685264092,0.8872671160432655,-0.5074209877717192,0.08390852660386827,-2.9153195728751244,2.6478621179464144,-3.7415375495381578,0.6910556696387866,-0.34355565611264144,1.8864320173340394,3.6018530695523046,-1.120176166075614,0.9933745751544413,-0.022038879193003402,-0.018832837752396747,2.071099582363569,0.5696274547179401,-0.3072124827529313,-1.6934684882310913,-0.37258473373120404,0.6831607844531119,-0.5981971902238649,-1.0981169175269423,0.1999533248325534,1.3553774169118848,-0.12482276126609393
numHidden 	6
numGenes 	57
minGene 	-1.0
maxGene 	1.0
popSize 	100
maxEvaluations 	20000
mutateRate 	0.3
mutateChange 	0.5
seed 	1554388366708
random 	java.util.Random@1f17ae12
neuralNetworkClass 	class coursework.ExampleEvolutionaryAlgorithm
Training Set Training
Fitness 0.011635043297113708