-4.542472287937514,-0.7500308279269842,1.7760180416245683,1.5537146157942325,-0.7966208196145008,0.9535097917831711,0.9388917335108031,4.73434582157905,-0.8248656326893044,-0.043560352846917505,-1.585672313599145,-0.5064552749408653,-2.1309365455474003,0.043501007580665774,4.048222139291311,-0.6116977824434195,-2.5172441707890965,-1.263891638757644,-1.6781626578000375,-0.4567554407859098,-2.2604659277885,-2.7600203265555794,-2.156872735452413,1.42369129659302,0.8043834294402581,-0.9561696207962533,-0.2188896699691225,4.173723609804723,-0.4383383374467367,1.4195827552171107,-0.42289978537070955,-0.413081030430647,0.020799187063398006,-0.44678957083867055,0.09951499347942161,-0.7939411253432298,-0.6954211854189739,0.35407331623555377,-0.007884799869515735,-0.584031277312822,-0.825252371113903,3.869339207528042,1.6538099020573738,-3.8066596215055446,1.1408640273386919,0.869043503495699,0.8077655590926692,-2.404107075787354,-2.2745344199478685,1.5057104057496002,-2.030081225209359,0.46960939204222707,2.125636334607631,1.2661522816979929,-0.02234062033634454,0.9733463575548101,1.0511472271018123
numHidden 	6
numGenes 	57
minGene 	-1.0
maxGene 	1.0
popSize 	100
maxEvaluations 	20000
mutateRate 	0.3
mutateChange 	0.5
seed 	1554388480765
random 	java.util.Random@1f17ae12
neuralNetworkClass 	class coursework.ExampleEvolutionaryAlgorithm
Training Set Training
Fitness 0.01226735974844348