-0.5610008911072082,3.9080073311163863,2.036394021911685,-2.466764207970596,-1.8087462273035775,-0.8545351364568956,1.6028767260633299,1.498697564441883,1.7421162858143064,2.2468291743591675,0.6403163997784873,-4.604889585869118,0.8252484988412926,1.8526332611276533,1.5824292966441669,-1.4992452235088662,1.8166297046779185,-0.3735602366077077,0.48656284944167644,-0.30728882452687856,1.6101403937719363,0.0313091453408193,0.6089989239683695,-3.5276878069939137,1.4867801587784957,-0.7677469130529592,-1.3661186991822256,2.791152048993912,1.7395934661738486,2.212268071004786,1.5885486723049347,-0.17129613115779024,0.4336823776620853,3.1411373653716543,-0.5685873275173494,-0.4051414620281477,0.6195584133756111,3.7613431216068007,-0.07645861116481056,2.709276668833284,-5.006072292814646,0.8833642663399565,2.061293807493365,-0.3777309405837709,0.6625122655690945,-1.2186830452475368,-0.9891895017622299,-0.30914802573628364,2.936669629335826,-2.0873320405330356,1.15042070617928,-1.5876753402566015,-1.2096797192137663,-4.364746796626831,0.7535001699445537,-0.25851465665494755,-2.598436128066055
numHidden 	6
numGenes 	57
minGene 	-1.0
maxGene 	1.0
popSize 	100
maxEvaluations 	20000
mutateRate 	0.3
mutateChange 	0.5
seed 	1554387852017
random 	java.util.Random@1f17ae12
neuralNetworkClass 	class coursework.ExampleEvolutionaryAlgorithm
Training Set Training
Fitness 0.04426732512183909