0.10470628615300848,0.8160454998285498,-0.6529571097505433,0.5030495215292125,-3.032001050915291,1.2760481799574588,2.78354326488357,-0.9989704716459284,1.885382276282321,0.42226011275328107,0.914620651197709,-2.2748143269166237,2.7141435449243865,0.7555322445371767,-1.9876250007513285,0.09218134205966366,-2.583025156338077,1.608286216220559,2.465665737046181,-1.6306731037822122,-0.4964403833230099,5.63554017830521,0.14396456527867518,-2.028896895600456,2.1775692106654456,-2.676699292035642,-1.1453305801984965,-2.6275125429683666,0.07645953623369772,-2.3808874412466463,-0.9189747345037522,0.3567339474586043,-0.2082655605014731,0.35702938295443565,-0.2010400172694617,0.09779638220459541,0.875552338907812,-0.5077743308766156,1.510929932149586,-0.5343754221696362,-0.8902477696378073,-2.2869007632214515,-1.2679703919750311,1.886274300351515,1.3967255600803177,0.19544725972883392,3.1857707060275064,4.268566159138193,-4.2718087528793784,3.4482456885194654,0.9984202898820316,0.4190108647593759,-2.582835356109004,-1.8413595644227594,-0.7569047224379393,0.17055982777916512,0.8986213961154341
numHidden 	6
numGenes 	57
minGene 	-1.0
maxGene 	1.0
popSize 	100
maxEvaluations 	20000
mutateRate 	0.3
mutateChange 	0.5
seed 	1554388207185
random 	java.util.Random@1f17ae12
neuralNetworkClass 	class coursework.ExampleEvolutionaryAlgorithm
Training Set Training
Fitness 0.009269440793213343