-0.5429756967884731,0.5486246205729299,-0.2550041922641726,1.7772853315251502,-0.8227401291847773,-0.6837908482737411,-1.080900790168247,0.5045118047574262,0.5006913250074123,1.1911362013964042,-0.5241278611602985,0.854949339034881,0.5254960121451351,0.8173318331480142,-0.6616447545176516,0.3079007951765098,-1.4295222139888648,0.6846813243437345,0.191891566992747,-0.19542745721906524,-0.22535808320863948,0.03159205514695307,0.8209892249684312,-0.8737734011771614,-1.3764157832677253,-0.38162310255153714,-0.048896824565091423,-0.6895150045511335,0.3119828128070763,0.03589100972281728,0.13956201714134625,0.6444929997907702,-1.299906738206689,0.01797294551730455,-1.275335223686093,-1.4908063053428273,0.8055971034724465,0.23807325329428441,0.1507029285256793,0.4878235288121037,-1.7421898166839027,0.8464708443897004,-0.9500032212040028,0.04253025696288121,0.40412063310025736,0.25918244509907545,0.6302843194045533,-0.812409325538217
numHidden 	5
numGenes 	48
minGene 	-1.0
maxGene 	1.0
popSize 	200
maxEvaluations 	20000
mutateRate 	0.1
mutateChange 	0.3
seed 	1554481543169
random 	java.util.Random@1f17ae12
neuralNetworkClass 	class coursework.ExampleEvolutionaryAlgorithm
Training Set Training
Fitness 0.01619866267829853