0.6195943298058735,-0.7807354798761905,0.6503640494552319,0.18975683666713677,-0.8749795705267842,0.7103057588899625,-1.2117352219341513,-1.7301049152553643,-0.3529949100765926,0.22111661803240495,1.596992561050964,0.16248480992840936,0.031818088529705135,1.0923797163628477,-1.27104247504066,0.6255519992493206,-0.8570414106962114,-0.5033691338826014,-1.3088976927808074,-2.1525706354751826,-0.6244296560914735,-0.22579372570948714,0.42598909768491483,0.11515024312795119,-0.6067194649585566,0.13036964148526003,-1.3434768593842725,0.1871088023723348,0.31317718725881566,-0.242816102245476,-0.4064981207284091,-1.3826149745344554,0.3835256539040666,0.5712632807282239,0.46557645675547044,-0.6839979699553886,0.08274968663101873,-0.21010038047170326,-1.0623015010090402,0.12150341357963823,-0.958327750890339,-1.059421201719395,-1.0374110945387611,1.5420705105647323,0.20769373265348562,0.2574035105119981,1.230881299792616,-0.17697892819485972
numHidden 	5
numGenes 	48
minGene 	-1.0
maxGene 	1.0
popSize 	200
maxEvaluations 	20000
mutateRate 	0.1
mutateChange 	0.3
seed 	1554480999352
random 	java.util.Random@1f17ae12
neuralNetworkClass 	class coursework.ExampleEvolutionaryAlgorithm
Training Set Training
Fitness 0.015742331052612732