-1.7365060979066373,-0.636397561351018,-0.3161196671102377,-0.8274179274724192,0.9254443273784114,-0.5199029738615104,0.6418279993653542,0.8371531506373391,0.1642543362850929,1.396502231614059,-0.8292676549292575,-1.2311308452004144,0.6098170724448115,-0.41840423987084396,0.7067639720742873,-0.9775047261466969,1.3970277248069576,1.1536292928069463,0.8896054984270838,1.733491358101763,-0.5982447142647846,0.00907414260888928,-0.16057254859805958,-0.6129991128347574,0.1356584176044221,-0.16027107208351904,-0.11777875594843362,0.16520132157179607,-0.37726055983589557,-0.03773449434658144,0.4213699265834954,0.2932813369300454,-1.0826172129955327,-2.3187995021303696,1.507951070032909,1.5989911096107026,-0.5222536763325611,-0.022746725865730844,0.4863082013265447,-0.1658452275570303,0.9576395115473635,0.577806710227603,-0.0895586042908934,-0.7680580445919756,1.0189271210997826,-0.13152664337821945,0.38060955831362114,0.0647861135619634
numHidden 	5
numGenes 	48
minGene 	-1.0
maxGene 	1.0
popSize 	200
maxEvaluations 	20000
mutateRate 	0.1
mutateChange 	0.3
seed 	1554481698646
random 	java.util.Random@1f17ae12
neuralNetworkClass 	class coursework.ExampleEvolutionaryAlgorithm
Training Set Training
Fitness 0.011720523671391864