-0.27853977493613324,-1.0045161252154688,0.3365681918416564,-0.18855317734656735,-0.25702234206359703,-0.6769836152670534,-0.133892679112791,-0.9657679681680651,1.2444242686545275,1.103975741018668,-0.16207349002053656,-0.8437690659053321,1.86590803747239,0.6286483269359224,-0.06910562728812547,0.777232724864209,-0.9703943869433311,-1.09926437103798,1.0071875770252965,0.39161214676449485,0.654530096003398,-0.44290543611732197,-0.455460655160716,-0.7215595732211313,0.17366198828775214,0.05743691526169559,-0.12736085316984597,0.20313766069472333,0.22093875524340323,-0.05502974370126923,0.5843162248102671,0.6251384912588411,-1.2938533252995357,-0.9823165875146478,0.469577909848723,0.2375306947470413,0.07338222887499357,-1.1028967775243523,-0.27671070573588646,0.22033373963864472,-0.35679407965273996,1.0222398048632917,-0.6129859216248101,-0.43726399911813174,1.3789589296603677,-0.2594948445497303,0.27300908442043453,-0.05194353617562175
numHidden 	5
numGenes 	48
minGene 	-1.0
maxGene 	1.0
popSize 	200
maxEvaluations 	20000
mutateRate 	0.1
mutateChange 	0.3
seed 	1554481453156
random 	java.util.Random@1f17ae12
neuralNetworkClass 	class coursework.ExampleEvolutionaryAlgorithm
Training Set Training
Fitness 0.009894121881971227