-0.5557988178968956,-1.1827196273863076,-0.018130187677196652,-1.0295843260949396,-0.7303495418436363,0.15362899078576547,-0.3265296482697629,-0.5938126844784914,1.5677851832451073,-1.5914209100516252,-0.5351183115888805,-1.3361363630178416,-0.35778659301615257,-1.3666701636804328,-1.274850088775413,-1.1378464475652263,-1.1795979403007055,-1.9077295460027912,1.8436390332872234,-1.8219052733048182,-1.0275539339067619,-0.9056958287204011,0.23941215625172174,-0.17259198620293648,0.19792360544049725,0.062236710494017466,0.13882799856739503,0.5990764233481052,0.1123784674489065,0.0976540188894881,-0.31575594815727676,-0.4334233631819458,-0.5465642897604492,-0.03429824768839107,0.8422861751077257,-0.9358577408378146,-0.19460424515144498,-0.153228779456841,-0.8459342877590803,-1.25331883109748,0.18142281846527503,2.2190587118531466,-0.9528298170838374,0.5114903607129875,-0.9061016493777523,0.24546120028101243,-0.12651178045687123,0.310792133731423
numHidden 	5
numGenes 	48
minGene 	-1.0
maxGene 	1.0
popSize 	200
maxEvaluations 	20000
mutateRate 	0.1
mutateChange 	0.3
seed 	1554480900476
random 	java.util.Random@1f17ae12
neuralNetworkClass 	class coursework.ExampleEvolutionaryAlgorithm
Training Set Training
Fitness 0.008532973705579623