1.1700574089195024,0.33365994112924763,-1.276108763697646,0.45354014594937236,-1.1581924309383986,-0.5648824335628058,0.09005345802454956,-0.8186083863699283,1.1505422917532864,1.5256577746582791,1.5981606536553934,1.4845535104619274,-1.362100062007458,0.4350462408338739,-0.5379646859735392,-1.6453223000124428,0.7592382292795204,-0.07725173693577386,1.3315593529058025,1.0989079709817695,0.039470564648137585,0.39261691782630487,-0.2419060407667603,-1.2604144844918073,0.5465116944097778,-0.384470375013887,0.9082373466421303,0.4481367071450552,0.43844160194425186,0.12372098929616138,0.8460318025238962,-1.3903696376233774,-0.4598850257540463,0.2733041129719412,-0.7608433934600647,-0.1430927658912876,-1.3585999570899394,0.2353345629434767,-0.515899124010814,-0.20956204512260995,-1.2124190906415735,0.8510012796280535,-1.0787176458099572,0.026402061382973963,0.8835648322742344,0.7845571836061367,0.2940345112718658,-0.42107919246409914
numHidden 	5
numGenes 	48
minGene 	-1.0
maxGene 	1.0
popSize 	200
maxEvaluations 	20000
mutateRate 	0.1
mutateChange 	0.3
seed 	1554481376414
random 	java.util.Random@1f17ae12
neuralNetworkClass 	class coursework.ExampleEvolutionaryAlgorithm
Training Set Training
Fitness 0.025530346036834003