2.071823623675836,-1.4668062252582765,-2.545923490263797,-2.9176805274527604,2.159147332986386,-1.405977430755423,-1.8772060571775058,0.9922766425504885,-1.3563972223081264,0.028182663962537574,0.30232497331113867,0.6000670874371472,2.071163863662738,0.20977469071942834,2.8949469434794484,1.10183028449712,2.079028344362254,-2.6468392878289055,-1.2656428681855865,-1.9799660678425244,2.317385613340968,-1.800862393512589,-0.28587251872712083,-1.1416004871954228,-1.5998214258417374,0.37110660290738146,1.2521284302954963,3.0187108160438703,0.27449688291160834,-1.9682102820590472,0.21786603635856083,-2.972948932756001,-0.7302793839571752,0.07691094903496598,1.814904524173687,1.9666276092685708,0.5465202613947493,2.4456108420591915,-0.1867135607667258,-1.598555891132548,0.062302906390839755,-1.7917691901993678,-0.0829071624570207,-2.9961487466377557E-4,-0.8963232340048393,2.560454723760391,2.080022844962725,0.1278993101411574
numHidden 	5
numGenes 	48
minGene 	-3.0
maxGene 	3.0
popSize 	200
maxEvaluations 	20000
mutateRate 	0.01
mutateChange 	0.05
seed 	1554395719822
random 	java.util.Random@1f17ae12
neuralNetworkClass 	class coursework.ExampleEvolutionaryAlgorithm
Training Set Training
Fitness 0.11629298092040188