-1.4744331253334921,-0.8078448464649461,-0.9923347549171988,0.44216788778031474,-2.982482885916488,0.13373730605365425,1.854999659478592,0.8884542064586423,-1.0683989932338482,-0.8839130896285525,-1.8346985512421707,0.6662913874553782,-2.4832501496296993,-2.054291727417924,2.489033059911576,-2.375507076301413,0.131360240491668,-1.5646267892559242,2.7421846190378387,-0.9609503326229984,1.4858491107753593,2.6401928481064454,-1.3863266808377857,0.6552534692182168,-0.970812626655106,-1.6576731357510694,-2.2096303496237826,-1.5912987075448897,-2.099558640807166,-2.213485045061333,0.022933187515433495,1.4029517390786044,-2.744969693923819,-0.3708380172972098,-1.436938760236647,2.0008976517796837,2.901573244667696,0.46175630815787105,2.547673766786037,1.0037245557523227,-1.5511241903431063,-0.045054214512951066,-2.812017058304235,1.6956131725674013,-1.2862239912448103,2.942646020148656,1.1913147740654528,0.32414591903948065
numHidden 	5
numGenes 	48
minGene 	-3.0
maxGene 	3.0
popSize 	200
maxEvaluations 	20000
mutateRate 	0.01
mutateChange 	0.05
seed 	1554395802001
random 	java.util.Random@1f17ae12
neuralNetworkClass 	class coursework.ExampleEvolutionaryAlgorithm
Training Set Training
Fitness 0.1266176031950265