-0.8267674946477501,1.576989844535753,-1.9366729968322396,-1.6066871312349011,-0.21599015496482998,0.8508059247087831,-1.5738474686500605,0.6740411151065555,1.646432404559642,-0.9161321318808655,0.4497779379667025,1.173004321609198,-1.1912705960435765,-1.4733015924393393,2.153352418648686,-0.1246586963018954,-2.0718725592080998,2.105113834992107,-0.2824098401075961,0.99757895796255,-2.1725005798644337,2.0160945344173142,-2.6961549068552744,0.3962370399907922,0.05266758220092349,-2.7369138108046416,-2.992183548152484,1.9179586900041943,2.7935290701613855,-0.717521372934135,1.5499237183786607,-1.7760354973335202,-1.6182125399199048,-3.078009007070145,1.1477490468952998,0.32436850012195284,-2.134821479391045,-0.07182097778221844,1.5468044929037008,0.7981211082363325,1.3326909740940902,-1.1157380129252272,-2.5457584667617494,-0.5479143240022613,2.4773905865900137,0.06095198666718721,1.425976503646437,1.4879845738073252
numHidden 	5
numGenes 	48
minGene 	-3.0
maxGene 	3.0
popSize 	200
maxEvaluations 	20000
mutateRate 	0.01
mutateChange 	0.05
seed 	1554395639780
random 	java.util.Random@1f17ae12
neuralNetworkClass 	class coursework.ExampleEvolutionaryAlgorithm
Training Set Training
Fitness 0.14074182350953257