-1.0858651148676255,3.0471340408868715,-0.02646620986486399,2.212387309541376,1.0899775883305367,1.4106622009471925,-1.1677460122722993,0.6683624465127438,-2.788975540018055,1.7329241650532134,-0.6500074450050859,1.0227543259483556,-2.9854046503638694,-0.5636791815676572,-2.1588198871928723,0.3196596976491463,0.5084104329565795,1.534321949436183,-2.3527462408117055,-0.8892807033042915,-1.7040362462237044,1.0739062397708654,-0.48467011611311644,3.0428183728447786,-2.6257606959819846,0.17633207890106384,-2.4228550707909937,-0.5895305273036178,-0.2420401000234026,-2.1653747077888195,-2.4724313854471367,-1.7814328268874233,2.196664177106954,-1.2523470736030144,-0.49214684220312765,-2.6335588761260604,-1.9494839183133368,2.2796399302312285,-1.657858764809217,-0.08313383814772789,2.4778649123767584,-2.569532466910858,-1.7933844620644093,-2.796075634722469,1.2621774162307178,2.186075599398718,2.0790305001563114,-1.9886528911317478
numHidden 	5
numGenes 	48
minGene 	-3.0
maxGene 	3.0
popSize 	200
maxEvaluations 	20000
mutateRate 	0.01
mutateChange 	0.05
seed 	1554394962988
random 	java.util.Random@1f17ae12
neuralNetworkClass 	class coursework.ExampleEvolutionaryAlgorithm
Training Set Training
Fitness 0.13028585238410545