-3.0053947098160885,-2.809743038802897,-1.542199580861941,-2.051882876787439,0.7926359882017608,0.4674696596005125,-1.4732970995917807,1.3153015959480772,2.6602913994744544,-2.208894392464005,-2.7375898597652535,0.6247237979384448,1.7619052663123262,1.9280418191678,-1.6875239839636378,-2.256334733996302,-0.9187867253504594,-1.0049403618386887,2.2444721701751957,1.6436946799818366,-3.182650393165326,2.9663252024225173,-2.1425527279479426,-2.2848123057172236,-2.197621086060587,0.5699065509290391,-1.9751972560231725,-1.7946762206881854,-1.8114567567276536,-1.5739022152555517,-1.2967114116896525,1.567293247906574,0.3608274434131033,-0.39038150021381435,1.7189962820232165,-1.6935062275735193,-0.12463154255911706,2.7845524384779283,-1.595102751879448,-2.754958056818712,-1.2433458478449575,1.865188325477809,-1.1843536663693996,-2.551028847363286,0.856381639020187,1.947720112607411,2.0340435973278153,-0.2769628597331099
numHidden 	5
numGenes 	48
minGene 	-3.0
maxGene 	3.0
popSize 	200
maxEvaluations 	20000
mutateRate 	0.01
mutateChange 	0.05
seed 	1554395876429
random 	java.util.Random@1f17ae12
neuralNetworkClass 	class coursework.ExampleEvolutionaryAlgorithm
Training Set Training
Fitness 0.13025169736768322