1.1088738100458457,-1.50568376839712,2.446558565492185,-0.4674316081302646,1.0287020541075926,-2.6840862200473,0.36084618974903643,0.5242981907418889,2.2072963043326004,-2.541759357980892,1.6826591770312076,-2.3567838007412814,0.9430692749015643,-2.287992020145303,-2.2732818697965804,0.5461235984163517,1.763972163938079,-2.6704613031887394,2.5009292577630235,-1.167250969356133,-2.490520428339982,-0.010502003464776255,1.1882648142589591,-2.9165494146492557,2.5326272224324686,1.1021206764149785,0.0016698093339766046,2.0588936633467707,-0.035332142340038605,-0.006894518884059231,1.3387379756532334,0.33874089867045265,-2.599852919908259,-1.1960411291534003,2.421890116992466,0.7697541069660421,2.1629313898046467,-1.7663232541803304,0.5562661892604459,0.6245645239378765,-0.6460400005697504,1.1712653511683335,-1.7784680443720644,1.6907281973037238,-1.44077754088009,-2.9692915562897264,0.03528213269603579,0.6155431154618416
numHidden 	5
numGenes 	48
minGene 	-3.0
maxGene 	3.0
popSize 	200
maxEvaluations 	20000
mutateRate 	0.01
mutateChange 	0.05
seed 	1554395122714
random 	java.util.Random@1f17ae12
neuralNetworkClass 	class coursework.ExampleEvolutionaryAlgorithm
Training Set Training
Fitness 0.12971207072809515