-3.2122820940186636,0.05569681879506891,1.2429303328858428,-0.7892686350983085,-1.3807229402467776,0.03375858648250665,2.7161745138016116,0.9827823620273115,2.8129093516047483,0.8187448594581757,-1.991741133241264,0.6468682022011589,1.1182445156730725,-1.101634590858274,2.2911039243832088,-2.2876325679311407,1.6350616282790231,-0.5969870382537004,1.9641898600145309,2.412394780597536,-2.000541975365123,-2.6093153072193997,-1.2881646160807794,-1.211208864090531,-2.312081718460716,-1.737924332158378,0.4233397035286976,-0.07891501830924552,-0.11094933630710067,-1.6895914118811288,-1.2425803693023216,2.0863406128710666,0.10909314611786299,-0.013229208878079393,-0.41692369970431226,2.5272337100157287,0.5393367034906518,-2.4724655720727835,-0.2770998540684242,-1.5308620951533407,1.3442144909168123,1.3724848449918767,-0.2983849664997356,-0.8273765386782796,2.777715569948932,0.6503962224244442,1.2119688861462041,1.5048875298454565
numHidden 	5
numGenes 	48
minGene 	-3.0
maxGene 	3.0
popSize 	200
maxEvaluations 	20000
mutateRate 	0.01
mutateChange 	0.05
seed 	1554462324233
random 	java.util.Random@1f17ae12
neuralNetworkClass 	class coursework.ExampleEvolutionaryAlgorithm
Training Set Training
Fitness 0.09266029609651898