-2.8999800656814427,1.1270251715423332,2.754596375775603,0.5992136487605917,-0.1735671009223516,-1.6026030318323032,0.34547114487293884,-1.0806045834837845,0.6627046844091007,2.7539340643031736,1.6639509140513873,2.227614488146169,-2.9038837739753487,0.7036636647602916,-0.4037727225271732,0.414960501218909,0.42063775642730494,1.3244430185368934,-0.6992290459123174,2.7244401175135797,2.4611028382266307,1.8660700915086181,0.4257437678644047,-2.112669593028661,-2.656680849436373,2.8709846006635864,1.513423663584005,-0.7109202692948218,-1.8381236696203411,-0.28901496820376504,1.7995802237104668,2.9349746252318036,2.002570619279502,0.9994503559638941,2.747504329179394,-1.9318191905967823,-0.9302635981917016,0.187110308412837,-1.9605605936541508,-0.6091118543917244,0.9371202830317538,-0.5965728990294785,1.052265590703728,0.34718158829863377,2.0902457981592386,2.2348218907648842,2.8666229903023996,-1.4299438504944264
numHidden 	5
numGenes 	48
minGene 	-3.0
maxGene 	3.0
popSize 	200
maxEvaluations 	20000
mutateRate 	0.01
mutateChange 	0.05
seed 	1554461953719
random 	java.util.Random@1f17ae12
neuralNetworkClass 	class coursework.ExampleEvolutionaryAlgorithm
Training Set Training
Fitness 0.12914047923353378