-2.77332676658436,-2.3081964756166298,-2.2747703145396416,-0.44834618305245966,1.8287336866006143,2.980093880406372,-0.01817487895173721,0.15054301808227422,-0.20642253410666295,-2.5801505476539344,-1.3362630923049934,0.4566326760013822,-0.05513967374891955,0.2149210282795247,-0.7568419302066627,0.597284947297019,0.9569892969537706,2.884795797105517,-2.4362039535319147,0.9759710375917736,0.8988420414076073,1.6024246909540747,-2.824259017108625,0.8706163758295737,1.7644784807949891,0.6094871984473638,-1.7890323223484759,-1.5084850247151707,-0.4399339623600431,0.40005569148129033,2.845861123467528,-0.04470219311350032,1.1305229080075374,-2.777396519351332,-0.47323441643786274,-1.9185274106405041,0.5089602265053248,-1.5840997657736038,1.838542328067196,-2.6165478158696733,2.166852361036306,-2.0033085816862304,2.4685014895651314,-1.12216740358185,-1.947339103501093,2.0286548884930875,2.2528267582314117,-1.1891215896604057
numHidden 	5
numGenes 	48
minGene 	-3.0
maxGene 	3.0
popSize 	200
maxEvaluations 	20000
mutateRate 	0.01
mutateChange 	0.05
seed 	1554462245416
random 	java.util.Random@1f17ae12
neuralNetworkClass 	class coursework.ExampleEvolutionaryAlgorithm
Training Set Training
Fitness 0.12830165204382865