0.35002823065891464,1.4436834233950364,2.7145964093416337,1.587339478444715,-0.41542730642823544,-0.7891886445963681,2.303273541198953,0.15080907243576258,-2.192951157588059,-2.910498403544657,-1.0063322084761908,-2.5545581199685854,-0.7753124653598487,3.0732216130355994,-1.669190583779656,-1.9508550810822252,2.849887048559782,0.17533657492143417,-0.6174856561996569,-2.9227954347077763,-0.9338292108216881,-0.23170273528921115,2.7951129162843555,-1.5287220963175063,-0.9639093979232514,-0.42946832757173414,0.1279182469653516,-2.142240022608178,-0.30419989403697245,-2.5630904028967736,0.5117962195471744,0.5011669935522756,0.2584027751417139,1.253230346985946,-0.23073507702817742,1.9486954567366521,-2.6352596700699937,0.06631676812495328,-2.1118793065739925,0.03597705863295335,0.9232417307145837,2.945696497257485,-2.7507557940312637,-1.075044749019087,0.5855746784612306,2.4185626944561474,2.126898407409408,1.138619197248226
numHidden 	5
numGenes 	48
minGene 	-3.0
maxGene 	3.0
popSize 	200
maxEvaluations 	20000
mutateRate 	0.01
mutateChange 	0.05
seed 	1554461734435
random 	java.util.Random@1f17ae12
neuralNetworkClass 	class coursework.ExampleEvolutionaryAlgorithm
Training Set Training
Fitness 0.13023682052008953