-2.333287995598832,-0.8222746633718352,1.6739849887529787,0.3762466430673449,-2.284568303700251,2.9671849695104555,2.543222333714371,2.7037210040745414,-2.0521193284600447,1.769914513368421,-1.1002621329444602,-0.8814044890179991,0.7035256703585329,2.240748785936111,2.459883648451937,-2.3898143075456453,1.162605594915181,-1.0345421028293371,0.8302674066283056,1.2628361146282359,1.9971605386376468,-2.4286747883435726,-1.7752968998992336,-2.0089385601543475,2.5789572036319566,-1.6481128080475722,0.6798012758402796,2.755941826420651,0.1899779968883804,0.5768156996587408,-1.3093619821023317,-2.9231445151167046,-0.741095286710266,1.9242542877752786,-0.31663837578585535,2.7876891402310386,1.8189162644864683,2.366716490623655,0.005297128667558937,0.4217698438593187,1.248885599967379,1.3083794335185606,-0.6555507461422794,0.07752429533927634,-1.5055423112477255,2.437649511200207,2.5965406276809544,1.556480910909503
numHidden 	5
numGenes 	48
minGene 	-3.0
maxGene 	3.0
popSize 	200
maxEvaluations 	20000
mutateRate 	0.01
mutateChange 	0.05
seed 	1554462173205
random 	java.util.Random@1f17ae12
neuralNetworkClass 	class coursework.ExampleEvolutionaryAlgorithm
Training Set Training
Fitness 0.11633654256337139