-1.4552555828271871,-2.235756324459764,-1.2340517522183598,1.3529742036410315,-2.1016017191023155,0.3772934940908743,-0.3088827663520485,-2.0061359181604628,2.1770403814252113,-0.21062209999203435,1.3739991913473661,-2.751103133586298,2.963211289485913,-0.17921149246285906,2.81670723659989,2.7308759149517057,-0.4101158144225314,1.687158130445597,-0.030736557296181924,1.5674882136128625,-1.4196378314867768,-0.024363356186284157,-0.29640035024470834,-2.9002773233306693,0.6236483804283868,2.790389356969227,0.3325250917773023,-1.1201806978048034,-0.6166102025337525,-1.6891872408438429,1.7874252103637056,-2.679245847308344,1.5700629046640842,2.896658078350918,2.8613912342860024,0.3983090034954048,-1.0448569540425818,-2.1370943661645403,0.9950614366315189,-2.5399197004350604,-2.7170262274245767,2.5106156988858856,-0.9764495601928518,0.3913027739756796,1.5723010787911038,1.3295588463106693,-0.2972248984283841,2.3186501738978382
numHidden 	5
numGenes 	48
minGene 	-3.0
maxGene 	3.0
popSize 	200
maxEvaluations 	20000
mutateRate 	0.01
mutateChange 	0.05
seed 	1554461884160
random 	java.util.Random@1f17ae12
neuralNetworkClass 	class coursework.ExampleEvolutionaryAlgorithm
Training Set Training
Fitness 0.0993984723507254