-1.5982874313809021,-3.5379265843716574,1.2497866764256764,2.460402901538554,0.20890316657055702,-1.261624663359236,-0.4059607568979468,-3.033816855371942,2.6693371336103167,-2.2963594446697266,-1.8583383430429665,0.1546669577085763,1.0635678068253132,1.5156308989043479,0.4159097786758438,-0.3949422214458874,3.1515852492684724,-5.0225064268179445,-1.3392358105250122,-2.6774450810303234,2.464902375060042,2.709938810123333,-1.3694436724079129,3.1434235343793366,-3.0612319775336303,-1.0157794026450422,2.066468000049458,0.16945996409727207,-1.3198629671180404,4.2407344676178935,1.428412940383295,2.597384444771872,-0.9413305127692333,1.878508971021501,0.4693244525012383,0.8822990569584654,-1.650828474029546,-1.852942950104139,-1.6280490925157969,1.359578594277005,-1.5047865124360285,-1.164950471499968,2.2270199185512967,1.4673547161628493,0.10046563102257662,0.006195266740582961,-0.44764899918198353,-1.595823267987658
numHidden 	5
numGenes 	48
minGene 	-3.0
maxGene 	3.0
popSize 	200
maxEvaluations 	20000
mutateRate 	0.01
mutateChange 	0.05
seed 	1552257641495
random 	java.util.Random@1a6c5a9e
neuralNetworkClass 	class coursework.ExampleEvolutionaryAlgorithm
Training Set Training
Fitness 0.09781524557631606