-3.3283627614193505,-2.0861838729105666,-0.25407460488962863,2.6583788831456934,-0.2045893654240073,-1.410746525727237,-2.353364463372022,-5.447842214342794,-0.4157036047124216,-2.334786357152424,3.3094544876725043,-2.9095566437619835,1.7813512702684235,0.6679815554773842,1.2296825881195836,-0.37588286149938244,1.4841580697149763,0.016557204109452828,2.774038438578776,2.659584835875411,2.2673754471306995,1.9825696507239576,4.335875664698272,2.3692798269060735,3.029608716622385,1.5937615750810095,0.6426033638950481,0.4110946679226348,2.7625101566939536,0.15361162719390853,0.29229324532906975,2.061086293287188,-3.2487585966350374,-2.4946863679270206,2.1230541501528184,1.7555327293301728,0.8943571219562023,-1.19109946454638,-2.6036026656974123,-1.3496153442543006,-3.0393748615464835,-0.7537723313013786,2.462526754478616,1.43703263118461,1.1267333399866644,1.6116024175793953,0.03718942319918683,3.495034474107572
numHidden 	5
numGenes 	48
minGene 	-3.0
maxGene 	3.0
popSize 	200
maxEvaluations 	20000
mutateRate 	0.01
mutateChange 	0.05
seed 	1552254674997
random 	java.util.Random@1a6c5a9e
neuralNetworkClass 	class coursework.ExampleEvolutionaryAlgorithm
Training Set Training
Fitness 0.008938521874864797