0.8291413297489899,-2.4641073581665154,-2.4122736239608655,0.7351509428467639,1.3236267027159159,-2.0111215636676247,-1.3588459395989858,-3.0289432916253802,0.2963808683121083,2.0782277720710765,-0.2963177456649393,-2.1552406395151307,-0.006939461448151829,-0.4958639539537354,-1.3781177398769158,-0.2356511767589481,1.115440889767819,0.034456810249565484,-0.39605447914294034,2.281152699366401,1.8192504505363498,1.6423676913999032,1.7950229520708234,-2.460158204927377,0.8831097889553269,1.261594991943245,-1.5337192261660564,-1.38556775513275,-2.8751254298273308,0.5487179679634905,-3.0717516124193303,-1.1912017668452572,-1.2396785057997286,-1.833488786704558,2.4341290618993225,-0.4364985504309771,-0.12096483647569511,0.1742216804086254,-1.3546033675370714,-0.11621658789220513,-1.6120561794942272,-0.19005164032925426,-0.01687226024395394,0.0946252393002256,-0.23684925023028613,1.199231168249968,1.7656967838066848,-0.5327726375582222
numHidden 	5
numGenes 	48
minGene 	-3.0
maxGene 	3.0
popSize 	200
maxEvaluations 	20000
mutateRate 	0.01
mutateChange 	0.05
seed 	1552243087212
random 	java.util.Random@1a6c5a9e
neuralNetworkClass 	class coursework.ExampleEvolutionaryAlgorithm
Training Set Training
Fitness 0.05241738888520405