0.8697195373425111,-1.9968248862935898,-0.1763533351100821,0.203978077065608,0.9341511915611118,-3.127358695757021,0.4421551993391045,2.0043528580533563,-0.35976747553785215,1.445763023055402,1.336919324448256,-3.633148789932303,-2.577182810434787,-2.456645080139609,1.5540135283142833,1.8552420718744167,-0.8333778362438111,2.613909388873147,1.7502027981181443,-2.0318818942274777,-0.21337987359021215,0.11424388390935902,0.42011005950646485,1.0985442146557545,3.109553613942059,-1.4303459720521468,0.43551975101571627,-0.46988153054075665,0.06763098766534315,1.0449038585078325,-2.371088326210376,-0.7282290671984625,2.70920744530984,-2.6385964683306384,2.3761447822348476,1.3648213674548173,-0.6729439639070955,2.0488473245309087,4.297472259113906,1.5573779114794535,2.231848548888535,-0.719601079268131,0.24509874914839025,0.21395647515120475,1.8682188525108736,-2.0268432257932387,-1.1436143005402748,2.1811420500815606
numHidden 	5
numGenes 	48
minGene 	-3.0
maxGene 	3.0
popSize 	200
maxEvaluations 	20000
mutateRate 	0.01
mutateChange 	0.05
seed 	1552242814830
random 	java.util.Random@1a6c5a9e
neuralNetworkClass 	class coursework.ExampleEvolutionaryAlgorithm
Training Set Training
Fitness 0.00855141816707261