4.583558947228237,3.4151455578659924,0.8332046084674214,0.046274453720399664,0.2134500664740604,-1.716019752808548,2.8032822411848706,0.8989261956154537,0.5304504581223095,1.5696166515480183,4.59845171585361,2.5099574562060925,3.4366510916358264,0.8664024628202162,0.047726398478675394,0.4189356616099062,5.333710020901469,2.326578502695069,4.152868509708468,1.0265762379605794,0.771272773701936,1.9930673102534326,-1.234180737518793,4.844302803960114,-1.881523904426417,0.3481644437175856,-0.6223524625928661,-0.8757490362909874,5.025469993828674,-0.6292613237849862,1.133643076168317,-0.052754565523595254,-0.6072180693125548,4.528208055299866,-1.4606477297722043,1.125086088446066,0.6177035501422082,-2.633249596269593,-0.1543951662592974,1.3529640600539359,-1.143342737865847,1.761130224791165,3.904688020631195,2.726765931883104,2.816239551858466,1.0585002908218861,1.9154201796927786,-0.31672629738146263
numHidden 	5
numGenes 	48
minGene 	-3.0
maxGene 	3.0
popSize 	200
maxEvaluations 	20000
mutateRate 	0.01
mutateChange 	0.05
seed 	1552253403750
random 	java.util.Random@1a6c5a9e
neuralNetworkClass 	class coursework.ExampleEvolutionaryAlgorithm
Training Set Training
Fitness 0.03861046597489843