1.5449857731417271,3.0461193799674757,3.9150032096000293,0.9550025758006117,2.37596981862501,1.1296488139310208,-2.707147884248455,2.504301502975281,-2.9680172165181444,-3.268136393424009,4.591486202369174,2.3778916001317194,-1.48161068033018,-1.6790882773675917,3.985227896307397,-0.24757874327136664,-1.83663379171445,3.7208788983707546,-1.3504128055458342,0.25195539993544847,1.977193549362354,-1.0332698243936662,1.9402897840689002,1.697991975775,2.0125884307202293,-2.0122062210461475,0.8653767825845524,0.23573119928255137,-0.4402921568961402,-0.7668470975579382,0.8678551456241911,-2.148216657323256,-0.918981288507631,0.9770431726021621,-0.5715193696155039,-1.8844064792192476,0.0685596388478189,-1.7347231512531087,3.407572557703314,1.091692299814587,1.912765896166024,-4.476945835521386,3.7316186942241174,0.8060532134428696,0.11146006344929682,2.4477828698963586,0.08446908165913192,-2.757758274614429
numHidden 	5
numGenes 	48
minGene 	-3.0
maxGene 	3.0
popSize 	200
maxEvaluations 	20000
mutateRate 	0.01
mutateChange 	0.05
seed 	1552236883858
random 	java.util.Random@1a6c5a9e
neuralNetworkClass 	class coursework.ExampleEvolutionaryAlgorithm
Training Set Training
Fitness 0.008362417435268582