-1.7080246385258302,0.06203006654292309,2.177480270027501,1.1098303653086523,-0.9908126914548807,3.715255672514182,0.7578542164545686,1.8576364703849897,-0.4867575851275241,-0.6508429130548468,-1.6055846604375363,-1.2017747901968896,1.40130332484555,0.34505482433626034,1.2159594587548912,1.9759801694813217,-2.782823276205052,-0.21979962719255053,-3.940651062374099,-1.6346288099161532,2.3758466293203258,-1.7166152758557405,-0.9302630577612743,-2.544541701672154,1.4037689200940626,2.659109867664528,0.12050900379648877,0.5883641649465565,0.692657279826341,-0.6643167035007663,0.09788668684321433,2.019482838555678,1.4368885750928022,0.7027797776751011,0.4556877137670913,-0.01705749533240475,-0.10959381774841725,-1.8066450481891723,1.1022126016532152,-2.001268737367223,-2.844024886896955,-2.4708831331782837,3.261029411496593,-0.053128154813973594,-1.3700392599164375,0.8025210851522253,-0.13581406102197335,-1.577759769389756
numHidden 	5
numGenes 	48
minGene 	-3.0
maxGene 	3.0
popSize 	200
maxEvaluations 	20000
mutateRate 	0.01
mutateChange 	0.05
seed 	1552242444565
random 	java.util.Random@1a6c5a9e
neuralNetworkClass 	class coursework.ExampleEvolutionaryAlgorithm
Training Set Training
Fitness 0.03584558817070845