-0.9781673297519651,1.4807181127307594,2.9672106849092734,-2.440787357283785,-2.5699114225303967,1.8509567698741791,-0.8132437026180659,-0.46665455391526645,0.5595383142473633,-2.2272959066281235,-0.27912287305755146,3.4047646969255214,-1.539330213606502,-0.3658816947871981,0.35223390380256536,1.2830861366976927,0.25376076235789546,-1.1807689523076124,-0.5798828932084067,-3.3299203244014177,-3.5821994232678245,-0.4673823467954977,0.22722220405939864,0.298068289699427,-0.7014287237853138,-2.76072204829193,-0.43344606086364945,-0.6346901706847071,1.5471076634783865,-0.13416679696845324,0.4567346518625386,2.470206473288039,-0.8598839904345323,0.7500373207588626,-3.4734043544710933,-1.359181328921324,-0.7421163434111826,0.7214223663399897,-0.7392549514710071,-1.2507129654143472,2.5491894020226282,-0.9211704139198044,-1.928994212966375,2.4493356302306104,-2.1051846170920268,1.0212326631847388,-0.6086999745765199,-1.4686031377811664
numHidden 	5
numGenes 	48
minGene 	-3.0
maxGene 	3.0
popSize 	200
maxEvaluations 	20000
mutateRate 	0.01
mutateChange 	0.05
seed 	1552254320932
random 	java.util.Random@1a6c5a9e
neuralNetworkClass 	class coursework.ExampleEvolutionaryAlgorithm
Training Set Training
Fitness 0.009657973152839755