-1.6972751579830292,-0.008947032221828466,-6.995250654076715,0.728932785680948,-0.5111983483193927,-1.4619882687139785,2.8258984248925265,-3.078986666598489,-3.5861188401050454,0.633249102211541,-1.0922843594161895,-3.292159930519006,-2.4262433523421167,0.012895275161755815,0.2491072248462992,1.615935355348631,-0.7769838053756563,-0.3822033460574892,-3.918034039617511,-0.5150065137482043,-1.410812266458537,0.5444611561887311,-1.2939365250271684,0.254901971540033,-3.388388140972999,-1.6773515082942412,4.119509823320957,0.5642407086252149,-1.3204428283660765,2.8107478864217317,-1.1621291463812145,-0.14790113354701484,2.161928939136642,1.0715231249040764,-0.6070142947845529,0.656917617739907,-4.030024016908446,1.218353388328139,-2.045445851962463,1.1810985990277472,-2.3923797919914414,-1.549952091254771,-2.6279976567026773,-3.634492934908106,0.1881557592566938,-2.4118691188731076,1.6796410694680302,0.3126916737524661
numHidden 	5
numGenes 	48
minGene 	-3.0
maxGene 	3.0
popSize 	40
maxEvaluations 	20000
mutateRate 	0.01
mutateChange 	0.05
seed 	1552255616723
random 	java.util.Random@23f12a5a
neuralNetworkClass 	class coursework.ExampleEvolutionaryAlgorithm
Training Set Test
Fitness 0.013759577926050601