-0.8390233132849972,3.016428103060738,1.2458386625814546,0.7329874361780341,4.051837238824937,-2.716148648879834,-1.749243633382736,2.1688000365630384,0.19373582502184628,-1.8892069749926828,-1.0600190705884824,0.9507508502410766,0.7262460349311748,-0.18649755630279974,2.9904366364285204,-0.27585721434882726,0.7002332679272693,3.4501880243838716,-2.135351135154248,-2.510581868280618,-0.5727405081889635,-1.6487761812434352,-1.7882833386914894,2.641485554207646,1.1886602622272493,0.31799831179020954,1.320265837641116,0.5647679166686588,4.385405678693988,2.548022266929679,-1.729769966483169,2.2782092131364258,-1.6787417328312146,-1.0913178495213445,-2.1766212001782996,-0.823446974928987,-2.55310546517535,-1.0307439396786053,3.4975313061891447,-0.5132363204116352,-3.721184714384989,1.6127927970831817,2.198589346078233,3.07839731499799,-3.8089608208242,-2.7347294754897953,2.2008866658553132,1.3572664347534316
numHidden 	5
numGenes 	48
minGene 	-3.0
maxGene 	3.0
popSize 	200
maxEvaluations 	20000
mutateRate 	0.01
mutateChange 	0.05
seed 	1552252615736
random 	java.util.Random@1a6c5a9e
neuralNetworkClass 	class coursework.ExampleEvolutionaryAlgorithm
Training Set Training
Fitness 0.030481542464279174