2.6787112231460353,-3.3310022163361213,0.07114107407314506,1.3855056647860993,-1.3193158114605077,0.38936626536120716,-0.0773397086370983,-2.4016327817637237,-2.2437190565706424,3.1436918675698173,1.5489705009346264,-2.074415114831037,-0.22404720438051542,2.92050212213077,0.1573627485160246,2.244998807785205,-0.2750895259066986,1.4823226622203036,1.3141351656572975,3.6149536237655773,-0.3465302101924993,-2.1759582747352924,2.3977880921756927,2.3352697845457318,0.35750638068724555,0.8783552252014781,2.844142645273524,0.3057734472022978,-0.061209865331250835,0.7073372594797133,1.7782663138773478,-3.0411269184494207,1.33390883644699,-1.7910883376811348,0.43429980370064314,1.2072487892018955,-0.11287436907318268,2.6602983894211554,-1.0176351548840257,-0.9996803674416714,-2.842178344241533,-0.029722343971461472,1.5988294578384374,-0.6444821620934579,-0.2351569830316013,0.964552431158811,1.404836333696053,-1.2416787381105452
numHidden 	5
numGenes 	48
minGene 	-3.0
maxGene 	3.0
popSize 	200
maxEvaluations 	20000
mutateRate 	0.01
mutateChange 	0.05
seed 	1552258034922
random 	java.util.Random@1a6c5a9e
neuralNetworkClass 	class coursework.ExampleEvolutionaryAlgorithm
Training Set Training
Fitness 0.04699255430387119