3.290166198033215,0.1644000664225107,-2.5488988085991497,1.1619494955427792,0.47033589126984354,-1.8410264805340173,-1.9297869132961771,-2.0868758433078196,3.0470861954752646,-0.2787789929210267,2.8275840312301703,-1.3852515158699883,2.111426901317378,1.1978059894958193,-1.6372448453422208,-1.4172474694035586,1.4882314088531985,-0.508301671041006,0.13306259800397247,-3.0763249246941635,0.723229184155786,0.3514346879438921,1.8370725923501778,-0.39181411172446157,-1.5305740324289112,0.17069931098205482,2.9727801178447564,0.3508841885538372,1.4819678282390658,0.22206800634049195,1.273326516348443,-2.456704552857388,-1.0389067874933142,-0.15572889142712054,-1.3130063835651402,1.2658537235253193,0.07766573303681823,0.31640592576718596,-1.754414053660332,-2.0001429078346726,-0.8132709831932207,2.4957475422014,-0.42476712000782024,-0.47601208509963855,-1.8574294914550187,1.7619774132306547,2.3632204733698705,-2.4960410592413416
numHidden 	5
numGenes 	48
minGene 	-3.0
maxGene 	3.0
popSize 	2000
maxEvaluations 	20000
mutateRate 	0.01
mutateChange 	0.05
seed 	1552256387535
random 	java.util.Random@1a6c5a9e
neuralNetworkClass 	class coursework.ExampleEvolutionaryAlgorithm
Training Set Training
Fitness 0.008154155594466667