-1.1455645079993713,1.2467137440460765,0.12275478059817899,5.9124180465095115,1.5683904341046655,2.0749573616791794,-1.6353360529718244,0.40048932218074096,3.697629128163834,-2.08806721520244,0.9445347280821957,1.8516587496878976,3.1080085537608215,2.1177323196841327,3.7321921555360507,2.6332584863100954,1.352383156461312,1.7185434922798193,-0.6858576163903292,4.1511934989886985,-2.967882993584038,0.7309419247780206,-0.8332923216380381,-0.3372330289738228,4.1822695285398055,-0.03060565809378349,1.5775493327049368,-2.0923845095698135,-1.0044820233277139,2.0298764625729024,-0.3450221421043208,-1.2646656805531344,1.68253091060109,-1.4327075282739534,-1.2436769412320758,-0.645177557821188,-1.0115581749299452,0.9070933839454913,-0.6056348215949447,3.4485832509700627,-1.0809812702436983,0.2551409019537275,0.11087539914654854,1.0835184796473278,-0.7028884916005254,1.6833465500266576,0.34517547828095285,1.5197595901721188
numHidden 	5
numGenes 	48
minGene 	-3.0
maxGene 	3.0
popSize 	200
maxEvaluations 	20000
mutateRate 	0.01
mutateChange 	0.05
seed 	1552253283650
random 	java.util.Random@1a6c5a9e
neuralNetworkClass 	class coursework.ExampleEvolutionaryAlgorithm
Training Set Training
Fitness 0.04386626448587949