1.0493777868132037,-1.6419075889112853,-1.9597581606360226,-0.8535783300759937,3.2589704340689134,0.2998134431388565,-1.7197707252184673,3.087524766306109,-1.6122142635205967,-1.7800373832671021,2.930591098630371,-2.40432250564585,1.9820738675331944,-0.567826825889047,-1.4656923034384712,0.38966918254726346,1.9648321912670117,1.8270395602662073,0.3787824454293066,-2.082379103559468,3.43866031656442,1.019205085126711,0.3353986109951266,2.5519922780533255,-1.548897661963558,0.41868850004466107,-0.9664469255975758,-0.7663948964465043,-0.9680174312349453,-1.32198065924332,2.2132041634404547,3.3802580829900113,-1.7052107253307782,-0.9800493498265332,1.7978913052079717,-0.3177283083612076,2.9062811460415188,1.5330994056227376,0.9288134811963766,0.6026041980721555,-0.41176406203292926,-1.3766747927632892,-1.9449435739106422,-3.0502388385655306,2.4772387903017656,-0.18218503681239806,2.30876466449609,2.1489764536092255
numHidden 	5
numGenes 	48
minGene 	-3.0
maxGene 	3.0
popSize 	200
maxEvaluations 	20000
mutateRate 	0.01
mutateChange 	0.05
seed 	1552243234992
random 	java.util.Random@1a6c5a9e
neuralNetworkClass 	class coursework.ExampleEvolutionaryAlgorithm
Training Set Training
Fitness 0.11198367044248594