-0.3474652547619579,-3.376992987187473,2.0601275677619757,1.008726387067868,0.8435388477630676,-0.24124800442257366,1.4970668217700367,1.892857882030623,-1.9344351537307272,-0.017264328623715408,-0.40307507641037854,-1.2294883956467917,-2.2940574330955563,-1.8130597695368593,-1.1600321961990336,-1.5026481352567898,-0.3640175247562595,-2.5137148440988284,1.1163086302776253,1.2926516582090357,-0.3948668806903449,-1.3933805611177847,-1.7299396416064106,-2.3750272346818235,1.541790517340936,0.06324171799305689,0.017061679543993402,-0.7110959179229701,-1.851921538429995,-0.34982932708020953,2.0150109174983757,4.583891811470234,-3.1344170443306294,-2.009073571991834,1.9261246487341916,0.6851844966591804,-1.8829035689363458,-1.4717511459579646,0.5838775955125534,1.1037546256747923,2.0518468207776728,-0.84343318321294,2.333756736277048,1.4675464362497852,-0.06833314004014424,-0.2124130364632958,1.31866075648424,-0.32905214953912687
numHidden 	5
numGenes 	48
minGene 	-3.0
maxGene 	3.0
popSize 	300
maxEvaluations 	20000
mutateRate 	0.01
mutateChange 	0.05
seed 	1552255188775
random 	java.util.Random@1a6c5a9e
neuralNetworkClass 	class coursework.ExampleEvolutionaryAlgorithm
Training Set Training
Fitness 0.009858517698906364