2.0335540722675254,-1.2207966760098072,2.347541113264324,-0.44474546877153864,1.8124023610422302,1.8519005554544938,0.9030780250427437,-0.6660891882354968,1.598600219048695,2.4584467293234944,-0.08027589188150697,-2.02523232709967,-2.490007080240544,-0.12097709574111493,1.5271104876596224,1.7168422737016293,-1.3851697296056258,-3.482127817125449,-0.09805606787920085,2.4494207509126933,0.6325503677345882,-2.3465493922041083,2.543111328399651,-1.736214387217089,-2.7004810387614304,-2.7468254030335446,-2.073412341857434,1.4488325409120073,-0.1229805173657087,-0.18833128327257398,0.11173116867655475,1.3136294507754234,-0.5591752304458325,3.3438020507088098,1.162769562619075,1.587133467697957,1.0014302784186782,1.6249829560349012,2.4722867391926506,-2.2234280110239535,-1.4341895644930573,3.1095102135902324,1.3557062984518857,-2.8224935335441756,2.7097429141849867,2.654984017971286,-0.07059195563193765,0.744312530975218
numHidden 	5
numGenes 	48
minGene 	-3.0
maxGene 	3.0
popSize 	200
maxEvaluations 	20000
mutateRate 	0.01
mutateChange 	0.05
seed 	1552252403259
random 	java.util.Random@1a6c5a9e
neuralNetworkClass 	class coursework.ExampleEvolutionaryAlgorithm
Training Set Training
Fitness 0.06233038661978195