-2.3374434967784654,-3.5636121573951343,0.7348328238711864,4.0132495481036985,-0.7071099416697572,-0.7894842288448491,1.8782575859873352,2.378697966826869,-0.42303569781714156,-1.972953189482078,-3.3588796282867137,-3.3793897203481,2.8274467294915078,1.2835905174897857,-1.554603918652779,2.3704978256417517,2.0265448939555966,2.5106868379330334,2.2566093160779106,-3.1453405373568804,-0.6479398736666345,0.05825827473450229,-1.437519480982424,1.1273410149141028,0.01759584452235241,0.11119253557009989,-0.5989081510342167,-1.4371654794120525,1.4526327963751888,1.223365989912029,-3.252887365126703,-2.7952321869780303,0.5647467194788328,-1.814727176073046,1.2814165796423342,1.7190726621767003,3.0201273075156405,0.1338113598173507,0.9029057009847277,-1.898238375039438,1.359583087706052,3.4315140197698835,-1.4397042903890285,2.117791438612785,-2.9784849490247893,3.372605727594424,0.6335157273788962,0.2282175294680564
numHidden 	5
numGenes 	48
minGene 	-3.0
maxGene 	3.0
popSize 	200
maxEvaluations 	20000
mutateRate 	0.01
mutateChange 	0.05
seed 	1552250743501
random 	java.util.Random@1a6c5a9e
neuralNetworkClass 	class coursework.ExampleEvolutionaryAlgorithm
Training Set Training
Fitness 0.10352628485464904