-0.16002751542552607,2.693245515899409,0.3443866939739013,0.794221578099044,1.6619687998499935,2.9638573918510267,-0.635750744521076,-1.6421588505323885,-2.410120066917761,1.4596678239277345,-2.0291838934592366,2.9794714561888958,-3.7313096359008844,1.3194532999472885,2.5042454140343846,-1.4767827973611976,-2.875199312199148,1.6827538900751218,-1.4711530334970502,0.9257706591488405,-2.6583755429925087,-1.1497231311390363,0.9554904746138612,0.4680798667686801,0.49144997996857065,0.20930794780913398,1.6892621855437144,2.0828367752723524,0.5290871398255009,-0.37025820274383336,-1.313774878822353,-0.6810821682786431,2.0840266635207976,0.9089673654929423,-3.1018836281373656,2.5470728850627014,2.2201893194008098,1.7519909121713397,-2.524021669451643,2.237957383452655,-2.5530657174804463,-2.321812040667732,3.2906268330357196,0.870849517682375,-0.3262758562903828,-2.8364590819261353,2.3771111969570997,0.6650293354152818
numHidden 	5
numGenes 	48
minGene 	-3.0
maxGene 	3.0
popSize 	200
maxEvaluations 	20000
mutateRate 	0.01
mutateChange 	0.05
seed 	1552258396716
random 	java.util.Random@1a6c5a9e
neuralNetworkClass 	class coursework.ExampleEvolutionaryAlgorithm
Training Set Training
Fitness 0.009342554280750077