1.6563233338676628,-1.9362298353978642,0.28181494607464963,-2.370885356002763,0.39560867475855355,2.8412632126369277,2.8844355574307534,0.3465756959484667,-1.1296598761096437,-2.3267210432479652,-2.012945648180356,-3.2999266149799134,0.7359704765114295,-2.4699087698616604,2.0060649290752437,-1.0595206785498368,5.038734434124303,3.5753620519793206,2.667711976052395,1.7751631827462173,-0.8854917942881118,-0.7334657220445487,-0.2751715522618188,1.2573419175678855,-2.2547503919770766,2.0619845885338752,0.18254278973576932,0.725010850427874,0.7094407408925324,1.918520615042301,-1.0064979365777438,-2.2779640540467496,-0.35759975771970354,-3.079896163078242,-0.4773229310151471,0.6052905939024571,2.8649403019933652,-0.33133507283913644,1.5992640363047803,-2.10072894836902,2.468344924906101,-1.2064429608692473,-1.2502739342072102,-1.2047598146261338,-0.5333252488228736,1.6830565406146767,2.1054151068973033,0.4344143862431772
numHidden 	5
numGenes 	48
minGene 	-3.0
maxGene 	3.0
popSize 	200
maxEvaluations 	20000
mutateRate 	0.01
mutateChange 	0.05
seed 	1552242694943
random 	java.util.Random@1a6c5a9e
neuralNetworkClass 	class coursework.ExampleEvolutionaryAlgorithm
Training Set Training
Fitness 0.013048683430515648