-1.5159386306407394,-0.06364069464625222,-2.6526664330601584,-2.8724606177848555,-2.571051959152546,3.038549709299993,-2.0024381655309815,-1.7880629700261799,0.4575140653419012,0.698286436442855,-0.6457490135285482,0.0823835918459459,-1.9718633460944588,-1.4008643731885753,0.12578888359045481,3.705897870695166,1.5588018152249705,-0.8354609685721637,0.8999934907804679,1.273568381260855,-2.7601263700129706,-0.270761750439546,1.4988982407655977,2.830993187256527,-1.2287073844161558,1.858654885346204,-0.44515474450780246,2.869473547197516,0.5129304121624236,2.534437721849874,-0.3917934474805713,-2.807331622066138,2.664850549817846,-2.6652931914806333,-0.20015111238959915,1.9813745074984275,-1.8000200812951836,2.3748231702597637,-0.03820539098130504,-2.0506587679593764,0.5470905512904455,-1.124281844801172,-0.8820723864408464,0.8693269039604806,0.6126994398844897,2.317268072658325,-1.0339228024994223,0.2732678753066825
numHidden 	5
numGenes 	48
minGene 	-3.0
maxGene 	3.0
popSize 	200
maxEvaluations 	20000
mutateRate 	0.01
mutateChange 	0.05
seed 	1552254803422
random 	java.util.Random@1a6c5a9e
neuralNetworkClass 	class coursework.ExampleEvolutionaryAlgorithm
Training Set Training
Fitness 0.0623493194576092