0.09365810962557675,-0.961106112581687,-2.602486804103244,-1.7546112362703052,-0.9259083464379382,1.7989674581476751,-1.1483088165964934,2.6885695255145245,1.49718933694952,-1.4883015679361242,-3.818400298880244,-0.893548229119605,0.41340293724287813,-2.8139340779287103,-0.8189520892167179,-1.6925894216684791,-2.587267210134969,0.4115227640676621,-0.04919228522680352,-2.011705239222204,0.9966164453628493,-0.5607930985016425,2.4400906888590166,-2.0883013333634413,-2.4513924550294552,1.0619972324103886,-0.23687274757008336,-4.875193654642823,-1.0274828033731151,-2.653743595988268,-1.9852458957835344,-1.4054654162220355,-0.4839255847456091,-0.5082038820220521,-0.4966365575258411,-1.3061997577312483,-0.6926231060224132,1.4977978218289631,0.22601856766466943,-2.088611154087882,0.8910300862603895,2.461241859458377,0.8770282430430859,-0.8182700845774886,-1.0613258382143231,0.2386239016631303,2.7171055668212913,1.199918537796124
numHidden 	5
numGenes 	48
minGene 	-3.0
maxGene 	3.0
popSize 	200
maxEvaluations 	20000
mutateRate 	0.01
mutateChange 	0.05
seed 	1552243469166
random 	java.util.Random@1a6c5a9e
neuralNetworkClass 	class coursework.ExampleEvolutionaryAlgorithm
Training Set Training
Fitness 0.0611491374104768