-0.8942012370841345,-1.807959779833522,1.969898844522687,1.1200578557017637,0.5003738115690224,-1.8001719460999255,-1.1511996003126495,-2.0804314739956666,2.543440594208072,-0.37733801767353603,-2.6055467565385912,-0.7173120567436698,0.3602591589995878,4.764253387959971,1.9714439410086866,-1.7160291147063886,-3.5810145194295893,-2.4627473147057213,-1.107584217475706,1.5251091458939783,0.24147347627574878,-0.1925052416877775,-0.047706022306923224,0.9838442265847501,-2.1822273116046222,2.5812298884743785,0.2424044461994569,0.5281311337191127,-1.1121610856711275,-3.7750533861440934,-0.3254524051317874,1.1846022549324227,0.030025120868035327,-3.7228797903883457,-2.9269051079914052,-1.775603198746974,2.5006561212286207,0.8399513667136234,-2.637961379751141,0.15013776616826158,-3.750269387452617,-0.17275814725977623,3.3815831631249256,2.1516342620851567,-2.09912403556799,3.42616622570794,0.4145805277098703,-0.8422484095104947
numHidden 	5
numGenes 	48
minGene 	-3.0
maxGene 	3.0
popSize 	200
maxEvaluations 	20000
mutateRate 	0.01
mutateChange 	0.05
seed 	1552242583755
random 	java.util.Random@1a6c5a9e
neuralNetworkClass 	class coursework.ExampleEvolutionaryAlgorithm
Training Set Training
Fitness 0.015925908615026695