0.22133129091420822,1.8246474028956092,-4.248001047678564,-0.5007404382167687,-0.9740626477621463,0.8064074065844291,0.4659578537724707,-1.3257387963120602,-2.3112023187636215,-0.8197711801861058,-1.8552799284765769,1.0161962610967068,-7.399157838421227,-2.0545566984247765,-0.699493667664237,2.84408771798313,1.409119390184474,2.9970748175960327,-2.6026525826601024,-1.113769221879629,-3.653977491043667,2.8022029621564783,2.690738357060487,-2.5983659521535345,-3.58759445874361,1.4156530038592585,-2.1880026192681568,-0.6224186977770246,2.2039381090333894,1.4484621924745757,0.9365530770044056,-2.140257158294724,3.214164952940122,-1.044419886683474,-1.8030978005974834,-2.519656177646086,-1.450033435166989,1.5842075573263616,0.5813492592628499,-4.73699350563124,0.47596587330350504,-4.253990306546942,1.671195872112994,2.8725127608488497,-1.0777309971668503,2.176841893244938,-0.14567294638053885,0.5512069149053845
numHidden 	5
numGenes 	48
minGene 	-3.0
maxGene 	3.0
popSize 	200
maxEvaluations 	20000
mutateRate 	0.01
mutateChange 	0.05
seed 	1552251917303
random 	java.util.Random@1a6c5a9e
neuralNetworkClass 	class coursework.ExampleEvolutionaryAlgorithm
Training Set Training
Fitness 0.019710358632023264