-3.209213392071665,-3.9511301442612883,1.254119024117137,0.825599674417564,-1.688611264026182,-0.5758440957397477,2.662011000192645,0.10023519417494675,-0.8810673993635009,-2.08784211576853,2.4642334552751315,-2.61942368667631,0.6713355685179252,1.481024335233068,-0.8830897148716961,0.8690371266605296,0.20264200016921186,-2.901070116135521,0.22640811899439128,-2.256503081513503,0.002502830661735178,-2.1399647450490376,-2.5696267206494587,0.11287563325170225,1.2988369920684544,2.8626138311615854,0.4422465489494327,-2.6308017730536384,1.534259960865803,-0.49684655733530636,-0.6741257247160211,0.18885112930184822,2.1203947020246705,-2.51866013271607,2.8655004686871592,1.656538011185091,-0.5865999104089825,1.8468377433720284,-1.865811108677506,-1.7939299179680814,1.7550379743557478,-4.038427876878798,-2.2329431488023594,-2.1875657160343485,-6.349449673362825,2.0977968615568203,2.4753658077267744,-1.9867171151102343
numHidden 	5
numGenes 	48
minGene 	-3.0
maxGene 	3.0
popSize 	200
maxEvaluations 	20000
mutateRate 	0.01
mutateChange 	0.05
seed 	1552242984065
random 	java.util.Random@1a6c5a9e
neuralNetworkClass 	class coursework.ExampleEvolutionaryAlgorithm
Training Set Training
Fitness 0.03242036930117295