-0.6483185154503068,0.601165965605725,-0.14471686298882025,-1.540627624369728,2.204793686468063,1.1115090943829595,-0.6654249019063964,-2.550259327641588,3.8902721298485785,1.6385284260912671,2.6088338054469817,1.1528033050480992,-0.1638144211760516,-2.133422751128995,-0.5243231574836248,-1.3207694539471002,-0.26882091886382675,-2.8842729960293907,2.2964866673352464,-2.2817882006068286,0.6407227154857681,-0.38078635578876385,1.1472719221321652,-1.9798431775168697,-2.1000897342657505,-3.469828727611383,1.3643520877733755,-0.21244979079964843,0.0969764403091653,3.088714260279805,0.30263512671507975,-0.7471281706563546,0.19189837699176904,3.697804973273074,-1.7239769290483298,-2.0338466027851365,-0.4901750368612554,0.07663647120789563,-1.9811549400044703,-2.803323418538522,0.750012784799792,-0.0890002434549435,-3.0120624685920765,-1.4166846897720446,1.6639483798271177,0.3533207813377759,2.0615897329501975,-0.17196472059589563
numHidden 	5
numGenes 	48
minGene 	-3.0
maxGene 	3.0
popSize 	200
maxEvaluations 	20000
mutateRate 	0.01
mutateChange 	0.05
seed 	1552254200954
random 	java.util.Random@1a6c5a9e
neuralNetworkClass 	class coursework.ExampleEvolutionaryAlgorithm
Training Set Training
Fitness 0.010843501929603224