1.9542072861490225,-1.8119944387063631,-1.3443385541378108,-0.8873976560361225,-0.10704274113662304,2.075652662618043,-2.0469160958503636,-1.8614269515721071,1.4983729832180335,1.3812735910024154,-2.4698968332110427,-1.9162573693995437,1.9569403936272671,-2.870719358388973,-1.164941948994346,0.8861474680865558,0.7931383635302676,-0.7858783909103224,-2.9281240527508476,-0.10590685622912765,2.8849564799599188,1.7258705801676921,-0.4921725669939929,0.1296303049187295,1.5117858542005906,0.45463974973998633,1.3197961986016502,-0.36394293667755884,0.8236606133844884,1.2940174400461932,0.6325864283204528,0.9423743874456927,-0.010032428462708243,-0.07286049765282843,-0.22628350913499395,2.4628707844088664,1.989417325334345,-2.299106886736175,-1.7074430121339763,-3.0481410839708936,2.016279085024564,-2.186609287664214,0.09263823630074852,0.9164683128118001,0.7261359704895045,0.8142872805636763,-0.9104286404613551,0.10775510472638183,1.0486863957104722,1.2469343854342714,-2.7766670003805936,1.0992445546039973,-1.7595319193360972,-0.1752862823524357,0.36763360406764245,1.6463097995277414,1.976655298899482
numHidden 	6
numGenes 	57
minGene 	-1.0
maxGene 	1.0
popSize 	50
maxEvaluations 	20000
mutateRate 	0.2
mutateChange 	0.5
seed 	1554307281927
random 	java.util.Random@1f17ae12
neuralNetworkClass 	class coursework.ExampleEvolutionaryAlgorithm
Training Set Training
Fitness 0.008677346933068158