-2.3226166896035263,0.15249000960052128,-1.8206507806900019,0.922978602263526,-0.956158771735675,1.6639809568562596,-2.0660110893338333,2.2712132392095876,0.10288509713359506,0.29751304454476624,1.3019688748603913,1.7498409165040083,-0.5717765624732019,-0.020931991998593746,-1.9838430633851312,1.1748793093126246,-0.9402884545617363,-0.07846162623586306,-1.7387887965097844,1.9986499218183802,2.888771248862393,0.7578293084356078,-0.9449318967110183,-0.813708262307349,0.47517877224267435,0.2519990790589999,0.7832432844333768,0.9985849834826237,-1.1918700003922407,-0.2920081074826322,-0.7731414658544387,-1.704347228244838,0.08087533771527688,-0.3740098483014087,0.28262806269020047,0.539490937144427,-0.4328830623228581,-0.06376903639568843,-1.4176608336175984,-0.4152742306676187,0.5188770653915584,2.4855363527657532,-2.6496621693829985,2.8424076173883313,1.3348528020397563,-0.054750772655907776,-0.2353553287756589,1.8402608541033358,-1.3569401521455424,-1.6169683151083278,1.6746486260263476,0.751834879969907,-1.6366924466815744,-0.019577670622175525,-0.3019423105735113,0.9439006622506401,1.2788786090157802
numHidden 	6
numGenes 	57
minGene 	-1.0
maxGene 	1.0
popSize 	50
maxEvaluations 	20000
mutateRate 	0.2
mutateChange 	0.5
seed 	1554307654562
random 	java.util.Random@1f17ae12
neuralNetworkClass 	class coursework.ExampleEvolutionaryAlgorithm
Training Set Training
Fitness 0.011007664255271606