1.4630060894810213,-0.12354266445027728,-3.094568918854947,1.3115739675234788,-2.185259056805389,-0.6524867709562754,1.023979597590254,-0.46637815305657293,-0.37787411997315234,1.718476188159845,3.453521275767247,1.021507113489045,0.7418462426842392,-0.256176179252082,-3.734560397519804,-2.2073052246799447,0.5163943557912718,-0.3144195630750857,-1.7551129756236827,-2.0163459474383743,-0.5471473055995177,-0.24488870689595954,2.5293981699915493,1.4282399841980207,-2.1124439568347877,-0.09480240632872938,-1.641959806146347,2.493332608314852,0.45583471147564336,1.587157937951701,0.3003319361441319,0.14542776660447743,0.24755878987220492,-0.9500830131929578,0.5434129916581285,0.17951412403240785,-0.05553494721925989,-2.869974502349163,0.23231996634872987,-1.1657693349171692,-1.04801883444924,-1.8133420987187332,-1.681221756245903,-0.03887639688147382,-0.9313634378559392,-0.4652066496284586,-1.126708744741395,0.19522124090570725,-1.919251284247647,-1.081009667002797,0.9606523573617518,-0.09091610765728664,1.1531397423285674,-0.3773581281927556,1.183358033721298,-0.03361572819649572,-0.004755977254222943
numHidden 	6
numGenes 	57
minGene 	-1.0
maxGene 	1.0
popSize 	50
maxEvaluations 	20000
mutateRate 	0.2
mutateChange 	0.5
seed 	1554307974536
random 	java.util.Random@1f17ae12
neuralNetworkClass 	class coursework.ExampleEvolutionaryAlgorithm
Training Set Training
Fitness 0.013297094457780862