-3.4922414495935294,1.363315156662378,0.15382716266595087,-0.4699739896080233,-2.849123842662312,-1.389009994301312,1.2942981544584602,0.19338078991456809,-2.9507925514677322,1.546235678226778,-2.0128115927038546,0.36457297250260745,-2.110393953478892,-0.33020116581940706,0.19105179023407115,-0.660556741866035,-1.4339579436556256,-1.1576332016454884,-1.9679737547647824,-1.1239541772420958,-2.074896591041056,1.3665754615009733,1.4251467447585393,2.355702552812183,-0.08146227827585317,0.9562853135177882,-0.715077694092338,0.574324033661906,1.313601697603083,0.5579007745577735,-0.06048861600148259,-0.4852710836258711,0.04027689681395663,-1.1631515150103324,-0.2862024081224166,0.770012643601869,-4.531157679305585,-0.2345942290709193,-0.8422700012696354,-0.4891737036191506,-2.4601255956696058,-0.33925984232966133,0.8061833354424603,0.6804461051244244,-3.9284511864616416,-0.4396978365738555,1.362405963271608,0.9374468972500434,1.125427078746556,2.9804378751193035,-0.6532416359300213,-0.6923555499916565,0.8863850140730469,0.42171738788536417,0.28209286142710366,0.23491559067176593,-0.22249369190172308
numHidden 	6
numGenes 	57
minGene 	-1.0
maxGene 	1.0
popSize 	50
maxEvaluations 	20000
mutateRate 	0.2
mutateChange 	0.5
seed 	1554308214741
random 	java.util.Random@1f17ae12
neuralNetworkClass 	class coursework.ExampleEvolutionaryAlgorithm
Training Set Training
Fitness 0.01393404842310286