-0.721101148462842,2.3057443062469747,0.1773569060485911,1.749983069062071,-2.3232541817242094,0.8833681733662959,-1.98784133513624,-1.1295632580491355,0.21979933945638086,-0.04624109532044174,-1.4304161850992076,0.3865475192312171,-0.8919342512450301,0.7322143907459566,-0.940534754006483,1.512203302860521,-0.14163572270573876,-0.8404301463674229,-2.1539764943054323,1.74144646554358,0.9191370100529139,-2.0771325648601016,-1.9711186447128286,2.7107516360444945,-1.9635659678672028,-0.37186903261304183,0.08365168489528929,1.9761033100314576,-0.39863510432674776,1.0529673314976775,0.5024671399605964,0.6538869597410495,0.17496854710712562,-0.8347575973076056,9.030050260507849E-4,-0.2554118792192146,-1.2931215901727515,0.017699784394437312,-2.0571723344256583,-0.3820032649376828,-2.0202729480715886,-1.0386157992265361,-3.0114716472229484,-0.8567806524439692,1.96637942361739,2.0468715932143295,-2.2512864342537062,-1.5203268604121365,1.2045474695665104,1.2476453052469392,-2.5438286116207824,2.4221898688337378,1.373418070620934,0.5481587121674307,-0.9718074687151967,0.13280982189795276,-0.6004968344647805
numHidden 	6
numGenes 	57
minGene 	-1.0
maxGene 	1.0
popSize 	50
maxEvaluations 	20000
mutateRate 	0.2
mutateChange 	0.5
seed 	1554307082676
random 	java.util.Random@1f17ae12
neuralNetworkClass 	class coursework.ExampleEvolutionaryAlgorithm
Training Set Training
Fitness 0.025097872770819055