0.08426871861697571,0.20947792984035507,1.0233657390066457,-0.4220090402689569,2.813252202115091,-2.1321764254808775,-2.061769867193643,-0.8478701206332961,1.9016371016114588,0.1183442243163817,0.10000703963974855,-1.375766157759121,0.9003736256414314,0.3469379668550654,0.18591026792882426,-0.7608800830649802,1.543844019018286,-4.290306247563517,0.036796772939977185,-1.4500137368576613,-1.6792612999604088,1.9621803360876595,-0.9047204266784872,-0.6359876992159563,0.37203151490224085,-0.2649782632232851,-1.2675467807092535,0.3409290757617407,-0.44261593979207725,0.5795020988489006,-0.38289829613108317,0.3071228455094377,-0.08486361509017026,0.11660977676699713,-0.1855383956305039,-0.16584051382228382,1.3054970416271845,1.6337129270300803,-2.102683932696383,0.17944797883160746,-0.8465029028270175,-1.5684651183061011,-1.989601248966651,-0.9859653830401538,1.4518199001258127,0.6288344183322416,0.6966809953023452,0.323237474593457,0.843181032600429,-0.9258607022715086,0.31124559253101247,-1.2137797908034935,2.4101190649259845,0.5028487896124665,0.14862731724547262,0.9967144709389397,-0.21303874192294558
numHidden 	6
numGenes 	57
minGene 	-1.0
maxGene 	1.0
popSize 	50
maxEvaluations 	20000
mutateRate 	0.2
mutateChange 	0.5
seed 	1554307188446
random 	java.util.Random@1f17ae12
neuralNetworkClass 	class coursework.ExampleEvolutionaryAlgorithm
Training Set Training
Fitness 0.012114273875443744