1.3264182437058398,1.5339908008614964,-1.2563775672948,0.35628356902982583,-0.8667631813144501,-1.0792855414763254,-0.2125506513674773,-0.2136995192094009,1.7912416752467548,-0.6788288024570834,-1.7132865784751241,2.456605974411968,-1.2595767238307967,2.1077398701237433,0.4590929071647618,0.8361363381492033,-0.7933075095958919,0.7827546539484935,-2.421760720775087,-1.4950730167504476,-1.7887093727603638,1.7432386105727293,-0.12277129594919645,-0.9815760114882219,-1.747508532599618,-0.02567075286677034,-2.855842082740449,1.2613563114135613,0.7858541928262706,-1.9868277637092793,0.37452115634157535,0.40667182874566965,-0.3368772259975825,1.9912932017594975,-0.43291785130705196,-0.20986035166486494,-2.7876648832347923,0.11873449131990821,-0.8515736948592572,2.4885339551725814,-3.4101345923143973,-2.976950399144796,1.0193698578876775,-0.5964239580177562,-1.994323756619006,-1.726340079027896,0.645217051671584,0.16327350988706413,-1.1915849539624936,0.9065868822525902,-1.9852729480200566,0.8637569949577018,-0.8005204179634773,1.9561332636530437,1.4232061003149417,0.6550240971837438,0.009443818769194312
numHidden 	6
numGenes 	57
minGene 	-1.0
maxGene 	1.0
popSize 	10
maxEvaluations 	20000
mutateRate 	0.2
mutateChange 	0.5
seed 	1554300287566
random 	java.util.Random@1f17ae12
neuralNetworkClass 	class coursework.ExampleEvolutionaryAlgorithm
Training Set Training
Fitness 0.011591437720949834