-3.4147548252107125,2.9833181530317496,-3.0351942352203776,-0.5332148898622375,2.279710153990764,-1.4954019052100544,1.6621456452189385,-1.2981587312809775,0.21817080355265084,-2.0634487510072237,0.4776248148723883,-1.5734603831424216,-3.871266208863279,1.951766437804,0.2332788594505244,0.21035926180847708,-0.9556248722680656,-1.9289829446512543,-1.8719483389812976,-0.10813521348796873,-0.4870692697946284,-3.254718508262825,-1.8965445602521713,0.022644551283709236,-0.8628414414135606,1.435606044633676,0.10498292163462897,-0.2786491824831716,1.8919139193316585,-0.8775490175095393,-0.09616638444276271,1.1469899332178781,-2.518485641267636,0.1389066751018917,2.737933925523727,0.3116722048606735,-2.2416814995279837,4.195918511564031,0.04966360727978847,2.1961409695898877,-0.6974023250835963,0.21307487564648553,-0.5861808710998466,-3.2818984805821874,-1.1735531765594662,1.1588694332829168,-0.02425357643388204,-3.872039579876529,-2.813398780773329,0.36869568557846133,-1.0134336523521492,0.24916114659183108,0.6605673198228312,0.15386744289301935,-0.7599611973722362,-2.9024594812434596,-0.09342903766444222
numHidden 	6
numGenes 	57
minGene 	-1.0
maxGene 	1.0
popSize 	10
maxEvaluations 	20000
mutateRate 	0.2
mutateChange 	0.5
seed 	1554300444789
random 	java.util.Random@1f17ae12
neuralNetworkClass 	class coursework.ExampleEvolutionaryAlgorithm
Training Set Training
Fitness 0.008746895784372872