1.1175042870398568,0.7903242249110904,-0.4072875123114743,0.6080502112306854,2.2111234547938317,-1.1124399434495738,-2.293139015048033,1.377410583352586,-1.1665938276850867,-0.5642054614472123,0.7320121202953498,0.5233327018537131,0.35881732591144666,-1.684006233697853,0.24107108727693416,2.088579614252276,1.976751085996657,0.4260802627479432,-1.8049771902647178,-1.233743568466198,0.9250400064462379,-0.6422533244060371,1.0263412497927777,0.5607787422440493,1.8456431585895974,0.6803879219024971,1.1934853136246986,-0.6056309765057111,-0.02746467556137211,2.0407093646450316,0.5112297159754822,0.31392720634014704,-0.7595216303495103,0.3044349924011278,-0.4555179629615289,0.5505591433026764,-0.9243840018679095,0.40704850879590215,-1.978362049925214,1.7936762711655794,0.8930457311097157,0.4771661113233099,-2.5903636549112807,0.9821011924684679,-0.22707833258561494,-2.5033076907758858,-2.575329429895509,0.49240701843925216,-1.0674353671299963,-2.2098586306232755,1.0998354406461468,2.223714668912584,-0.8718815128725408,1.3134381461823592,0.8141951452416627,0.43905334177538213,-0.7443744804124623
numHidden 	6
numGenes 	57
minGene 	-1.0
maxGene 	1.0
popSize 	10
maxEvaluations 	20000
mutateRate 	0.2
mutateChange 	0.5
seed 	1554300702426
random 	java.util.Random@1f17ae12
neuralNetworkClass 	class coursework.ExampleEvolutionaryAlgorithm
Training Set Training
Fitness 0.09663682984221068