-1.956235598173981,0.20968283875065064,-1.3492178602813174,-1.077041909853848,1.4270343204352767,1.5962664149583503,-0.928848416405716,-1.2187828470088928,-1.4581001165388487,-3.3475093513531338,-0.3265904804102995,0.19787055469834436,-0.8142747442297693,2.6279399005962434,0.2864835793795808,-0.1740404026893898,0.04677269847267751,0.6831148743408963,-1.531324200895701,-1.043320706978385,-0.18253835059099055,-0.8993323439046064,-1.1770507685845384,-0.366576765667755,-1.5014365835553676,-0.6612294301714674,-1.8994075597030182,-1.2074363702426223,-0.04701445416985295,1.2416222601349765,0.7795041725426595,-0.02518909075358189,0.09264581540334138,-1.1063370218428215,-0.24455190945043603,-0.6551036863346142,-1.481383995645276,1.509787611225736,-1.8323209298865757,2.9223791415817053,-2.22293893322486,-0.8909211928844842,-2.243934291114791,0.8697898033619702,0.7587185552127,-0.07439289585683984,0.18133260978395094,0.035932794938129176,0.8492946492756339,-0.9224810665743604,-2.0720105242383005,-1.3623537494883027,0.6933104295094243,-0.40715565130781384,-0.04256966494592196,-0.8560441452084895,0.33925221014021534
numHidden 	6
numGenes 	57
minGene 	-1.0
maxGene 	1.0
popSize 	10
maxEvaluations 	20000
mutateRate 	0.2
mutateChange 	0.5
seed 	1554300779006
random 	java.util.Random@1f17ae12
neuralNetworkClass 	class coursework.ExampleEvolutionaryAlgorithm
Training Set Training
Fitness 0.012538933740507676