0.42902369344425173,-0.6754195369850213,3.2867548515065197,0.6517789975604988,1.1589673783678047,3.3916869985030784,1.9544324117163594,-1.5692543909879948,-0.7470972791360522,-0.27437721862222,-0.41134576882574025,2.468243744958988,-0.8714531158700329,-1.9166335841062028,5.018613678562616,0.7907513820962937,0.8135441670064494,-1.9820292025348205,3.072345489246831,0.50813050306952,2.159013806919031,-0.3005781384570019,0.6016719987321641,1.8581158059958751,0.204136302758124,0.42725549371337523,1.8706883996969896,-4.317741621141343,-3.2287602576678625,0.9206858220538097,-0.5517357652689763,-1.097283487192274,-0.012713951530652468,3.1035980823460156,-1.4537296643989492,1.3796720461401233,-0.0043376082791639625,4.450264703541129,1.7791968220250185,-0.33142370900459794,-0.10865892880008965,-0.40926683805994624,2.5784024389806297,-0.12771483365778113,0.2742182405301603,-1.21660692239227,-1.8947534750320134,0.04058379136888379,-0.1208097546033351,0.8413592310011395,0.13708728513510304,1.302227661758345,0.5348104651198105,-0.47194754530468175,-0.8779955888767039,2.286616221945265,0.9577228729251124
numHidden 	6
numGenes 	57
minGene 	-1.0
maxGene 	1.0
popSize 	10
maxEvaluations 	20000
mutateRate 	0.2
mutateChange 	0.5
seed 	1554301069733
random 	java.util.Random@1f17ae12
neuralNetworkClass 	class coursework.ExampleEvolutionaryAlgorithm
Training Set Training
Fitness 0.01251372065970491