-1.7424824857481285,-0.9309176340106928,0.27662775631198677,-1.1212484681465489,-2.8984050688640925,1.4337575307766157,2.3581270611578216,-1.067746550535586,2.0179122561007325,2.5308680920845896,-1.4633776361287563,0.9333623780557143,-0.9744635222552773,-0.9871059742306956,0.42690942546440525,-0.1471849217209351,-0.48335721597453607,2.9864114869637532,0.02513964613882691,3.032597273609654,1.9144531564069291,1.293937404867536,-1.8007550571509983,-0.4566148988335048,0.12915835304433565,1.4209206645577424,-0.3042398109472306,-1.2587398068227165,-2.420781924994011,0.6356072948248457,-0.24436661804795135,-0.22306594935565704,-0.8510500451816974,-0.6613525735630628,-0.8086203921152828,-0.4138933674260856,-2.6306664079319146,3.7809519974559915,0.3502005071454688,1.4774757012515236,0.3374716036375911,0.30244800632916635,0.7724559675648099,1.3353029065284274,2.431165228557211,-1.9489772717296958,-0.9478584439555453,0.6663352541485441,1.2285776976589309,0.26008602044386997,-1.5842105327978677,1.2462685871763814,-3.291026309450295,-0.40517797563751357,0.3584777139233437,-0.04116750727717222,0.7890400516765259
numHidden 	6
numGenes 	57
minGene 	-1.0
maxGene 	1.0
popSize 	10
maxEvaluations 	20000
mutateRate 	0.2
mutateChange 	0.5
seed 	1554300929419
random 	java.util.Random@1f17ae12
neuralNetworkClass 	class coursework.ExampleEvolutionaryAlgorithm
Training Set Training
Fitness 0.010235056952258936