0.22552988046878258,-1.918329259005311,0.7998814106658134,-2.746326901434877,0.036210373511616295,0.1318082015589293,-2.471125692115598,-1.821521447683439,-1.0691501277074382,-0.06715734479194024,1.706931174911987,2.3761156306607703,-0.8428441626841452,0.7638086847029839,0.34532918181342853,0.2117302558552459,0.7643842291484952,-1.4421526419427282,1.2329668995496885,-2.396546333247033,-2.644923928673694,0.8078633112086668,-1.8104604631097179,-0.4418359836078425,-0.13494228160519323,1.0902734144923474,-2.370267255436591,2.4742581764607676,-1.5245994007942891,0.1139619668817728,1.20444021623048,-1.489457200224419,0.9815252385705779,-2.842580325441925,-2.2997584896239704,-0.08003779947601934,1.50361703707736,0.05040072192283791,-1.8688875134008391,-1.1160086749350502,-2.330996132209118,-0.8127066679936081,-0.9534234233045311,1.6081310696685218,-3.1688655330136397,2.1777588855193697,2.9082342686202,2.35105126035213
numHidden 	5
numGenes 	48
minGene 	-3.0
maxGene 	3.0
popSize 	200
maxEvaluations 	20000
mutateRate 	0.01
mutateChange 	0.05
seed 	1554394406606
random 	java.util.Random@1f17ae12
neuralNetworkClass 	class coursework.ExampleEvolutionaryAlgorithm
Training Set Training
Fitness 0.13462105745746994