-0.2260613876285129,2.8987746125857727,-1.6393542270344676,-2.4918810519196084,-0.4099406387146476,1.9482025081841634,0.788821099074337,-1.4889097575756218,0.9390847462145571,2.0848408098067814,0.6505512516049428,-0.8980859753963588,-1.0772217507098392,0.032368861368333765,2.48889683420711,0.19034198652103296,2.4108166440942513,0.06724242779184593,-1.609943231494152,0.42434734810901026,-2.7094355168559323,2.890934610663307,-0.017947454175811825,-0.6895662036768924,-2.784930965447974,0.8637270825405574,1.4114875380038012,-2.9481407734960197,1.2444324161269207,-0.16505084326169522,0.9066205330823054,-2.2363021366892304,1.8112596510464358,2.7369880121186467,0.239289198603295,-1.8751640931220663,-1.286069834828728,-0.7196871052733591,-0.4099817144033803,-0.7843324000951077,0.3019889777500233,0.14417978063868925,-1.600058440413031,-1.983569099319084,2.9159966932286965,0.6026025816965719,1.6099668572392671,0.954794417948575
numHidden 	5
numGenes 	48
minGene 	-3.0
maxGene 	3.0
popSize 	200
maxEvaluations 	20000
mutateRate 	0.01
mutateChange 	0.05
seed 	1554393990571
random 	java.util.Random@1f17ae12
neuralNetworkClass 	class coursework.ExampleEvolutionaryAlgorithm
Training Set Training
Fitness 0.13815407567783683