0.503874272860569,0.3226313798648893,1.412484230072498,0.6010865341531304,-2.0299341342006603,-2.5917549573152776,0.7401773602939552,-0.7380703308397651,-0.979588990689539,-2.1329027993183276,-1.9440954124499532,0.4508657726056901,-0.006310672229152742,0.2867593754345137,0.465673027042489,-2.1045048871889103,1.766810557443894,1.984077091907441,1.3357550577676123,-3.0944253305535465,-0.07894657172517974,-0.29133977115234416,-1.9814434679246729,1.1874412938754075,2.0056978952483915,-3.054236299705524,0.3549483526031571,-1.7178390614055772,-0.46986069684602866,-2.4231039511634638,-0.4277624579393491,-1.4152358174450361,1.9511246668925768,-2.6110831135546633,-0.298746257113118,0.40310052933487317,1.9947950944899568,-0.6076990947130394,3.1778199914568823,-2.1964837919032583,-1.5862332794969332,-0.48332473626059375,-1.5768228113926004,0.7667329994782675,-2.622471173183829,2.2966527827138457,-1.9352736550706962,2.190974112026333
numHidden 	5
numGenes 	48
minGene 	-3.0
maxGene 	3.0
popSize 	200
maxEvaluations 	20000
mutateRate 	0.01
mutateChange 	0.05
seed 	1554393908139
random 	java.util.Random@1f17ae12
neuralNetworkClass 	class coursework.ExampleEvolutionaryAlgorithm
Training Set Training
Fitness 0.11371975068320096