-0.5380300700590368,-0.546652969651368,-2.471887675961087,-1.1957345832312427,1.273046098115958,1.2994092066248817,2.1851942345353974,-1.0195538055389646,2.207699570303846,-1.793223176180334,-1.0358078325927509,1.5951367771863776,-0.15129659780362112,0.7234883085942734,1.9130091596111218,2.743685574672372,-0.3082827480135732,-2.9021301439901883,0.28635520219745414,-2.3188160736863503,0.8482218351253417,2.3237026112176915,1.6882739391722938,-0.01821622746237761,-1.3480111001748787,1.356375861523073,0.8979106621272985,0.0349882439583116,0.9991021088751879,1.2955742326092912,-0.24556326867173645,2.9437965896191702,2.477720302432737,2.4280882634610705,2.8719671629144745,-1.093621025314912,-1.9425576959262085,2.7598862929771792,-2.4122676288775176,1.5672563106772355,0.2593059342671266,2.789634890117547,2.4166830033121585,2.265757212311051,-1.3338725998977932,2.3363962473957818,-0.30686679381067117,-2.1111832945348183
numHidden 	5
numGenes 	48
minGene 	-3.0
maxGene 	3.0
popSize 	200
maxEvaluations 	20000
mutateRate 	0.01
mutateChange 	0.05
seed 	1554394604297
random 	java.util.Random@1f17ae12
neuralNetworkClass 	class coursework.ExampleEvolutionaryAlgorithm
Training Set Training
Fitness 0.13018781475338467