-2.2739081989581544,1.67745996352947,-1.761877495538667,-0.2359584651507246,-0.8055137609147307,1.8155119288472443,2.599794674974972,1.229174700722646,-0.9669436915100897,0.6431723169990429,-1.7018679587515801,2.3466798761318923,-2.0074769890374324,-0.08906769432134913,-1.5876852842031137,-0.012829612881046698,1.806433716288428,0.4363973059800356,2.6207176103349763,2.1228681434336387,2.3000054060143746,1.2962109382357407,-2.393358052423676,1.7774944768615935,0.7223066339304163,-1.3323517777276388,-0.7234594455200043,-1.0286230548498982,2.6331155457130597,0.2788466595921525,-0.9484357793242966,0.017427027344592005,-0.5433527072654414,0.2168831093574088,-1.332134074175766,2.0576226306033316,-1.1672957056275528,2.820637094034736,2.233210480657819,2.201116539871686,-0.7983339343020956,0.4006173383232083,-2.81295681246253,2.784076641334047,2.2530874280646165,0.4306581117771966,-0.1017150648708121,0.6678467429841581
numHidden 	5
numGenes 	48
minGene 	-3.0
maxGene 	3.0
popSize 	200
maxEvaluations 	20000
mutateRate 	0.01
mutateChange 	0.05
seed 	1554394095080
random 	java.util.Random@1f17ae12
neuralNetworkClass 	class coursework.ExampleEvolutionaryAlgorithm
Training Set Training
Fitness 0.0937949713112294