-0.7841450317690635,-1.8405972699001383,0.49095594117224445,-1.754406948299041,-0.2828749469163947,-1.5033875534373344,-2.538634085534749,-2.5502117361464487,0.7094931567044318,-1.0941845956307539,2.9828582857683985,-2.8596889068410154,2.5016679485881044,1.2981312229648292,1.3704438335513824,1.5081061216956666,-2.55726604179544,2.3125951209678375,1.2919005136950519,1.0072183293539003,-1.5355107259764906,0.019963229816260863,2.532859225058816,-2.966982337485846,-1.5762682930202412,-0.458692985216876,2.977140412525448,-0.45625339625594746,1.2027343946292064,-0.009677719538139937,0.6330414162957041,-0.15728537916299556,-0.4195528924348837,-0.35055511111142046,2.1093239874011607,-1.041620074604354,0.8787563947515666,-2.6714563153589674,-2.844805779777415,-0.8830112866347588,-1.4325647247837714,1.9311270626524353,1.27661760835817,-1.7526456741440077,0.07821019833036873,2.016675482843997,-2.023142327680637,0.28978958926666865
numHidden 	5
numGenes 	48
minGene 	-3.0
maxGene 	3.0
popSize 	200
maxEvaluations 	20000
mutateRate 	0.01
mutateChange 	0.05
seed 	1554394679207
random 	java.util.Random@1f17ae12
neuralNetworkClass 	class coursework.ExampleEvolutionaryAlgorithm
Training Set Training
Fitness 0.0979557577140507