-2.719088427305569,0.358670667567157,-2.665411537312929,-1.681127150534449,2.3604402451680464,2.090296742532085,-0.6682458525655821,1.4589062428469817,-2.832464394604007,2.4465354598020115,2.7367010529655653,-0.15859129639559583,-0.24833719363707668,0.7640730907390185,-1.2964578453665652,1.9441665766192378,2.082042122959673,-2.482091014957392,-0.9114402648633173,-0.9198906742125874,0.8442074283487537,1.8749153332356276,0.21147941389874275,1.6173710427971708,-2.470384842753343,-1.5223123762044175,1.4932356915222305,2.85034103618729,0.009308287217757658,-1.5172032149151324,2.4204133821492313,-1.0403219529020222,1.0478714212067493,1.8271578616792379,2.0955308209716,-2.10737530352924,0.5666508120710445,1.4333465097883107,1.6288173363642304,0.07581717508194626,1.9054443476150615,-0.6607023208153113,0.41112192419396737,-2.458856659828564,-0.19039637044976637,2.949934629883419,-0.9709269289568123,0.30106314157767766
numHidden 	5
numGenes 	48
minGene 	-3.0
maxGene 	3.0
popSize 	200
maxEvaluations 	20000
mutateRate 	0.01
mutateChange 	0.05
seed 	1554393790394
random 	java.util.Random@1f17ae12
neuralNetworkClass 	class coursework.ExampleEvolutionaryAlgorithm
Training Set Training
Fitness 0.1540292717909345