-1.7772401961236624,-1.037441690430426,0.18736163938305062,-1.9612523547828238,2.0815160653767126,-2.5309010078878247,0.44123487715278065,-1.411117946831757,-0.007154218597890602,-0.8415342779504962,-2.474369228803641,-0.06015646232161949,2.8345853021859178,-1.8890913834911933,1.2812057241665655,1.6380332832585234,-1.9546664614023406,-1.3262454086995557,-1.6502296102288143,-1.5450975196467551,-2.074998560698203,0.7000498007036555,-1.2189821589861047,-1.7597884320137738,2.9477865183467555,1.7534945688825387,-1.7900285424192641,1.3969000225195867,-0.6365570335175983,-0.735574660163929,-2.126987006931187,2.221497864867544,-0.23143183313769278,-0.5131696939365602,-2.770039985120641,-1.6370041802505366,-2.677004398014983,-2.1908781627405833,-3.0032328758825786,1.74957904860414,1.667237046828377,-0.8383792319457521,-2.23195809868825,0.7166066286060544,0.2152774647927393,-2.6585541636784993,-2.179331094794702,0.790711034217825
numHidden 	5
numGenes 	48
minGene 	-3.0
maxGene 	3.0
popSize 	200
maxEvaluations 	20000
mutateRate 	0.01
mutateChange 	0.05
seed 	1554394195288
random 	java.util.Random@1f17ae12
neuralNetworkClass 	class coursework.ExampleEvolutionaryAlgorithm
Training Set Training
Fitness 0.17913316997473724