-2.9563124008060533,0.8147538803461556,1.8663752268035032,2.690429684333319,-0.372614726162082,-0.3384764475109261,-0.8825738441216,-0.2890434077081818,0.16306271604284417,-1.1842615073038876,-3.14668767397546,-0.01922313888064231,-0.6835567608562112,1.413940222210449,-0.2614399975608337,2.687444199645279,1.8863895466544118,2.732824949466518,1.196913397075321,-0.2255785818964413,-2.793433837802922,-3.4033810343601147,-3.509538763925333,2.117718288921461,3.5854929351797096,1.0920627312922577,-0.7432645816019123,-1.7190071193848846,9.026978899973059E-4,1.2824576413187936,1.4195870406548816,-1.388655260992067,-1.8622076482775078,0.36296985449568675,-0.2777117972942307,0.16360946707581192,-1.1125685065059625,-2.3758798531926124,-1.3714991665893796,1.6940756674596318,0.15385747560160512,-0.3588028027006489,-0.853782209675217,0.6340681977457745,-0.5798655327601052,0.9513744806892452,-1.4931200425984232,-2.4035032471833633,-1.11958004045675,-1.2119229585065523,-2.972812336733953,2.0592784190027893,-0.44053811122642994,2.431506167637567,0.6436935955778598,1.3050100948546999,-0.7099508599622602
numHidden 	6
numGenes 	57
minGene 	-2.0
maxGene 	2.0
popSize 	100
maxEvaluations 	20000
mutateRate 	0.2
mutateChange 	0.5
seed 	1554310979988
random 	java.util.Random@1f17ae12
neuralNetworkClass 	class coursework.ExampleEvolutionaryAlgorithm
Training Set Training
Fitness 0.014556882150028544