-0.44703701310780675,-1.8376286137843985,-1.8642454484095805,1.6325750630944542,-0.9872873141818079,-0.8164185132750799,-4.141118758326205,-0.4225022153855953,0.885385937228437,0.21576740058425825,-1.0127200932921165,-0.015098307059132843,-0.607934152297303,0.27805289958888224,-4.699474991812798,1.390397403264196,-2.3941395223646973,-2.9014283559534193,-2.6792472315435423,1.0936182563687322,1.0999786325363687,0.5348006923768835,-1.270542254481347,-2.8971748891113602,0.5238736872907164,2.9829025212297515,0.8031741157801053,0.28505119317804795,2.3288549783490153,-1.2972069510652928,0.12755487127160858,1.726962722129135,0.06552259398459981,0.8139986077382302,-0.007016255142196393,-0.3347032691183891,1.252525058260114,-1.5728352825336458,-2.238724852454554,-2.4623704426472113,-0.5402125479739999,-2.472974916994581,-2.9381931570121442,3.041675378213086,1.8576893308666866,1.1993080043316198,-2.5862938552317405,2.19424674790518,1.3094095026693044,-0.2854810022749894,-0.49784847706605273,-1.4058883536766311,-0.26267373456141874,-3.3041099396007105,0.051465587862496776,1.6205645515946805,-0.43440314210621134
numHidden 	6
numGenes 	57
minGene 	-2.0
maxGene 	2.0
popSize 	100
maxEvaluations 	20000
mutateRate 	0.2
mutateChange 	0.5
seed 	1554310682036
random 	java.util.Random@1f17ae12
neuralNetworkClass 	class coursework.ExampleEvolutionaryAlgorithm
Training Set Training
Fitness 0.00838449400948827