0.9781855829599002,-4.1866468699771655,0.8654718140018183,1.6487890598964685,-0.9428502813588566,-0.7236455540223661,-0.43736856436317506,-0.21348492440036093,-4.432972694289811,-0.7202282812330147,0.056533069434354655,2.3676841296196485,-0.06389516602592593,-2.0593226561541167,-2.0963275479503785,-0.4233493081678339,0.2027755876558568,-0.8518633230318398,-0.31504076615489573,0.4314030870012404,-3.873667417421092,0.2590767474603273,-2.3079022005486873,2.801503482771489,1.1894671543514916,0.7810683041438731,1.4464002464962258,-1.8244214420457845,1.4985383854737795,-0.046554132701603024,3.591755328599465,-0.19834862022608446,0.326112270969396,0.5702989713285733,-1.6173184981608557,-0.5635526385879683,-0.4970723162152435,0.011422352417301607,-0.2806052890038311,-3.9505166102192777,1.067108982734696,1.1435732888892631,0.25067381982467785,3.2104658398072248,-2.5717404493186677,1.3799527995922034,0.13888553034690787,-0.36966779068564426,1.494312623302692,1.487384956491828,-0.5551902730424381,-2.029194135860912,1.8847962984878288,2.6877058722624882,0.0781881645975262,1.3068629996495478,1.6549514592401846
numHidden 	6
numGenes 	57
minGene 	-2.0
maxGene 	2.0
popSize 	100
maxEvaluations 	20000
mutateRate 	0.2
mutateChange 	0.5
seed 	1554311591375
random 	java.util.Random@1f17ae12
neuralNetworkClass 	class coursework.ExampleEvolutionaryAlgorithm
Training Set Training
Fitness 0.026533519163905735