0.4660797342236309,2.637093551409995,-1.8549403234406059,1.0963652047993517,-3.8789972618278634,-3.4479362733272847,-2.7174925802521273,-2.380874594913082,1.9934402150604922,-3.355799714224066,0.773612693619059,-2.4432823442004663,-0.837358707475782,3.2411945765757233,2.6651114786641115,2.3298140682625266,-1.4115454930758529,-2.051412685620261,-2.9427746020776833,-2.5529269814779094,0.08190627512849202,-1.1847135253428167,-0.6349963629712336,1.361626515026991,-0.9071669548776433,-0.37559564697629755,-5.348716796781006,-0.43858833571221245,1.1937921784466599,1.2639491426866023,0.26804907261714384,0.04337115208870168,-0.4246874805541916,0.3215336715832966,0.006022652628787206,0.21607962314121698,-0.5078347874363454,-1.8948858778438664,-2.281336540319002,1.4521737442983347,-1.7557251307857018,0.5536801688314341,-1.3371069924220116,-0.8396972523681572,1.8398432133210805,4.344403241197407,-1.3623590026845709,-1.4228108643864759,-1.8531589223274936,-0.2553997711492353,0.5163936141574244,-0.27269994184613955,2.4971689749966313,-1.5517052477175506,-0.9113687318737789,-1.2372127791067422,2.0149707904273075
numHidden 	6
numGenes 	57
minGene 	-2.0
maxGene 	2.0
popSize 	100
maxEvaluations 	20000
mutateRate 	0.2
mutateChange 	0.5
seed 	1554311160387
random 	java.util.Random@1f17ae12
neuralNetworkClass 	class coursework.ExampleEvolutionaryAlgorithm
Training Set Training
Fitness 0.00989037679061752