-2.051316880384091,-2.2563540889332274,-0.35770829214708444,0.8256671828504061,-0.36854788561985297,0.9066241604715279,1.460985545413393,1.322309357453498,-3.5655111822429477,3.622971794683046,0.008876905690652581,0.44690577476000737,-2.086280344641505,-2.1019622681026453,-1.1871363308103215,-2.8852157115099613,-1.8281120760717284,1.2727923616157537,0.6167308423054982,3.3918887988069413,-1.419241190808176,0.7583525908776316,0.8831283758893265,3.2428052496637436,0.5302630845001715,0.17619010409880564,-0.15302629735054296,-0.35456188663799404,1.7732571075059718,0.8199611480139661,-1.3873624668039146,-0.03705667836292825,0.17359762483410357,3.6962837284130554,-0.6368248683662947,-0.03315707523647271,-0.7415454413613798,-0.1858673362482497,1.764389006541196,-1.8346061580059607,-0.04874961551859114,3.0199202144947415,0.15987172635291325,3.975893019876124,-2.8174676546713098,-0.5178830700612762,0.4654659667984675,-0.5862461899515812,-0.24437077764411974,1.4229086452527597,-0.5348651205172414,3.3970095796351427,0.6857911830377352,1.8215364933490434,-0.3359629646096929,-0.5240737622642739,2.068616365919295
numHidden 	6
numGenes 	57
minGene 	-2.0
maxGene 	2.0
popSize 	100
maxEvaluations 	20000
mutateRate 	0.2
mutateChange 	0.5
seed 	1554310556701
random 	java.util.Random@1f17ae12
neuralNetworkClass 	class coursework.ExampleEvolutionaryAlgorithm
Training Set Training
Fitness 0.013493987474020055