-0.6348222913445305,2.8577453422187116,1.9344121201285827,1.10355357268027,-2.860855242037291,0.008385851081300189,-3.8177977054436685,-0.3462361794039732,1.5389582653759248,-0.28186251992464406,1.9541172882673203,-1.2516347413142572,-0.08904070673908127,-1.8991051788141586,2.751556644873249,-1.2485116286260611,-4.077941166342326,-3.8636604836740975,-2.462512899377694,1.4437524707102853,3.7291475001771732,-1.5696538204221557,-0.771960487882978,-0.4588565643342317,1.675632665736524,-0.6597859769507717,2.4350148355955645,1.3064060805097877,-1.2595061497550444,0.4835338467171604,0.3449183062304151,2.925084268548323,-0.5635775533458962,-4.468518318309144,0.5976615289984575,3.997105408904945,1.6310310197141495,3.4809984713252624,-3.10447577734694,0.1684435523006762,0.6799254606307152,-0.9582797806875205,0.9206207606353476,-1.0686951710617532,2.170589802123324,1.3399274620361319,3.111777380851835,1.1693505726762585,-2.8087978233551767,0.6336990243450358,2.489366622478181,1.8230518575716603,0.13808221157922906,-1.5414112716357384,0.16432283969280048,-0.11465418385216086,3.9784197481170027
numHidden 	6
numGenes 	57
minGene 	-2.0
maxGene 	2.0
popSize 	100
maxEvaluations 	20000
mutateRate 	0.2
mutateChange 	0.5
seed 	1554311404360
random 	java.util.Random@1f17ae12
neuralNetworkClass 	class coursework.ExampleEvolutionaryAlgorithm
Training Set Training
Fitness 0.015790489767998572