-3.972143121199886,-1.2017864566433127,1.7914249461123362,2.5014352304585046,0.7464341203564024,1.2352163288876663,1.4495571040605806,-1.4460304305875842,0.9081346007443503,0.2273672154706814,-1.1301385536422042,2.7663937375868968,-4.671951132050224,0.03371777551595745,-1.346646770745422,-1.01789485261292,0.33381940640621943,3.922995558158279,1.472067935986364,0.460834519199826,0.7094938731539013,-1.2503771408359188,-4.023198451032581,2.661357963368929,-0.052827743712169806,0.40173984599766177,3.366194357106805,0.7286142923285617,0.13644860710028484,0.271785641253834,-0.7889055741788895,-1.8166520630119933,1.8429586481970213,0.7637401352467643,0.01446561585345707,-0.5952213944527931,-2.514140490045298,1.6575474707644067,2.465531582955513,-1.4163092630894347,-0.07888970746022306,-0.38462302802526516,-2.1234124125076574,-2.4234717975359015,0.3549174780174389,0.7628554127336296,1.91551654628634,0.31035115269065106,-0.19729960186633777,-1.916816268277036,-0.32241233635127253,3.876959428629683,-2.8218269859389262,2.069085324452935,0.8783991205871287,-0.025980269972523118,1.6479166762520667
numHidden 	6
numGenes 	57
minGene 	-2.0
maxGene 	2.0
popSize 	100
maxEvaluations 	20000
mutateRate 	0.2
mutateChange 	0.5
seed 	1554311269993
random 	java.util.Random@1f17ae12
neuralNetworkClass 	class coursework.ExampleEvolutionaryAlgorithm
Training Set Training
Fitness 0.012232807373468975