-2.734804686159319,2.4235745846720675,1.5339704574731765,-0.06792714272661263,1.829087985828246,2.407197050042077,-0.9755865828322803,-0.6134034363520786,2.325962010402373,-1.2401297586559668,-1.544651379009475,-2.2187629171883354,1.131212293409655,1.8077445459766657,-1.0921650237942933,-2.128932488488969,1.87064212071863,2.0007788029444757,2.5601094767886092,2.6871281972549985,-2.802483534961464,-2.386479113020609,-1.7914859920637616,2.891421957581149,2.3316372450095706,-0.9101651570953335,-0.32108400948261906,1.557782659293654,2.367958278323546,0.827340852543635,-2.6151189842368416,2.7873006200141868,2.942746846878742,1.8427443605045655,2.7578722432227565,-1.9344592985097182,-0.8631500250474868,-2.2413116813961533,2.985917161691442,1.7359857059003492,2.525706053881132,-0.5411606929187311,-2.358523460025114,1.3440725375707818,-0.6365520670047355,2.1990347081601707,1.929722559329791,0.4014199528898432
numHidden 	5
numGenes 	48
minGene 	-3.0
maxGene 	3.0
popSize 	200
maxEvaluations 	20000
mutateRate 	0.01
mutateChange 	0.05
seed 	1554399688439
random 	java.util.Random@1f17ae12
neuralNetworkClass 	class coursework.ExampleEvolutionaryAlgorithm
Training Set Training
Fitness 0.10184137167338682