-0.4246070754017675,0.8850560211640794,2.7588453501586017,-3.093564302903564,1.4511557297531805,0.3029339939384183,1.922990035870195,-2.0316837829848007,0.6975366252789073,1.576327681882362,-2.607272360657964,3.020833143336443,1.016772386962172,-0.5988492937290503,0.918936646805915,-2.6992889194027248,0.2590090579147389,-1.437732370976046,1.630985968339773,0.46765770215750047,1.426509995286266,1.0819988051937184,0.5571978797128714,-0.7738906096789626,0.7562255198961703,-1.41389224437157,0.6597161631720834,-0.7984709742377036,-2.988198621434188,0.7654243521302322,-1.6352826152751399,-0.45589588474186665,-0.551365987557034,2.8449607228632487,-1.776522016631823,-2.0132961092568866,-0.478563404417725,1.3925724742926664,-0.8643019577834008,-0.6295904106921133,0.5620625433988626,-0.7977863574270594,1.5061793754730135,1.4926437596172037,2.3674597430297144,-1.1325507899073188,2.482021565412496,-1.740859852984038
numHidden 	5
numGenes 	48
minGene 	-3.0
maxGene 	3.0
popSize 	200
maxEvaluations 	20000
mutateRate 	0.01
mutateChange 	0.05
seed 	1554399997620
random 	java.util.Random@1f17ae12
neuralNetworkClass 	class coursework.ExampleEvolutionaryAlgorithm
Training Set Training
Fitness 0.126667811648125