-1.0752702801927052,1.0066259553851111,0.7548998743450022,-0.45830687174808815,1.0766111467600208,0.8117123895963244,-0.29913318257202515,-0.01669578683211989,-2.579658453742571,0.9574685684036452,-1.7315754549247935,-1.3414867638877173,1.4540973393417178,-0.5459756688084287,2.0583553656187146,-0.30238756097515257,-2.7635914462424473,-0.21449408150449722,-0.6134259826083301,1.158078332718236,-2.86825689962193,-1.0732388383949387,-0.2864093782231992,2.321364519293133,-0.11147701453172153,-2.8177753305351065,-0.4032801091245382,0.05916432715513302,0.604247343776195,2.9121183271061533,-1.6604018200695316,1.267275559422731,-0.899635843882588,0.5423618302064781,-0.4729235715905458,-1.3664404364954663,-0.6427290623823305,-2.783325067255711,-2.0449482783730155,-2.8376555739984797,0.7750575983663917,-2.4010322152461434,2.2737773606075917,-0.2790154645862094,1.4783360208187435,2.1712194988444207,1.3096789359491214,-2.1448556769117006
numHidden 	5
numGenes 	48
minGene 	-3.0
maxGene 	3.0
popSize 	200
maxEvaluations 	20000
mutateRate 	0.01
mutateChange 	0.05
seed 	1554399842762
random 	java.util.Random@1f17ae12
neuralNetworkClass 	class coursework.ExampleEvolutionaryAlgorithm
Training Set Training
Fitness 0.09899044399881803