1.9543107986155535,-0.8836034441900433,0.4851158419467028,1.6145951887507417,2.059052245704714,-1.894542157768197,0.942337100391285,2.7168499742788237,-0.9883126429492837,-1.8267958321354156,-0.36641377129483,-2.55459167134104,-0.3256558306697741,0.776806881964738,-1.3398582347979222,-1.2881352948485556,1.7991893360561815,-0.8737041883581769,-1.861493229090001,-2.391072658108963,-0.7660311223234262,-1.241741096294259,1.9427969745816207,2.705438062937678,1.2825570848189336,2.580295780030336,2.8785548858957775,-2.720426325149785,-1.0858708330960865,-0.6904596057721502,2.2910021167104446,2.1566149700334227,-2.1273150994944476,-2.2225079144021516,-0.7685147972836128,0.6528560279675601,-2.713935722853888,2.4982278323413416,-0.9184767586618783,-0.0564328765163709,-0.785495457150871,-1.9597487043201849,0.7596567950722273,0.20913362092741689,-1.9493953731375213,1.9349420903516013,1.818074481687171,0.8443848861578793
numHidden 	5
numGenes 	48
minGene 	-3.0
maxGene 	3.0
popSize 	200
maxEvaluations 	20000
mutateRate 	0.01
mutateChange 	0.05
seed 	1554399917032
random 	java.util.Random@1f17ae12
neuralNetworkClass 	class coursework.ExampleEvolutionaryAlgorithm
Training Set Training
Fitness 0.14003553340394959