-2.520025362148682,1.0789910788234431,-2.465763387260408,-0.21142116412430312,-0.35734575899491094,2.1517594297558595,-0.4359002883288639,1.3881805681778543,2.932510749848057,2.2551784929696703,-0.3255889334767818,2.8094820365730273,-1.476307005646225,-0.8632018071536636,0.7428437016419513,-1.1962583023816633,1.3701735825366241,2.3647794311483983,-0.6323779275695989,0.637785734975592,-1.9289867259313076,1.7740888834446247,-2.168759007157753,1.332155283131667,-0.5169492960139308,2.670308969668781,2.2042590023087856,2.238387220197745,0.715754416415324,-0.05592690173342944,1.5060913446649382,-0.7587349005102795,-0.6015240916358611,-1.111509906208746,1.259012399768918,-1.5481074065601472,-2.1108175962329616,2.116459477046262,1.6784834492545695,2.439160919791304,1.4250912277168666,-1.3547911306798477,2.7776497798330917,-2.387433686165122,1.2149604434302057,2.445209728746093,-0.6653497931922545,1.2512828442605155
numHidden 	5
numGenes 	48
minGene 	-3.0
maxGene 	3.0
popSize 	200
maxEvaluations 	20000
mutateRate 	0.01
mutateChange 	0.05
seed 	1554400237313
random 	java.util.Random@1f17ae12
neuralNetworkClass 	class coursework.ExampleEvolutionaryAlgorithm
Training Set Training
Fitness 0.11852130956745088