2.3420759738766783,1.2863294068219306,-0.11897514774374765,0.0833894768332959,0.40402425382188323,-0.5536915854849966,-3.0217720594087405,-2.8468107263525892,-2.2682633780112953,1.563857548259215,-1.2851688178927507,-1.9262400922097949,-2.770793389150276,-0.7700527867909732,-1.683249542419949,2.8959312746227353,-2.793773907184379,0.4940462190086725,-0.43310909740116177,2.142703346409215,0.07143983892985198,1.1573938442787302,0.8541397236928086,2.948511969365242,-0.9383048356013763,0.36161798801436734,1.2666819067522592,1.520910469027841,-0.14793093153359127,-0.8295844309241358,-2.053248870566309,-2.427719362865399,-1.7822080659637223,2.509688291709498,2.868721872210779,1.2817665040795283,-2.941318052365278,1.1814277642090825,-1.0153424662115487,-1.185579812963981,0.852740070455648,-3.0015169275456337,-0.7607206530419905,0.9288478313252482,2.2787748577290747,2.165027239290529,-1.4555443451610954,0.14643664849251242
numHidden 	5
numGenes 	48
minGene 	-3.0
maxGene 	3.0
popSize 	200
maxEvaluations 	20000
mutateRate 	0.01
mutateChange 	0.05
seed 	1554399765233
random 	java.util.Random@1f17ae12
neuralNetworkClass 	class coursework.ExampleEvolutionaryAlgorithm
Training Set Training
Fitness 0.1060770505745643