-2.1497902991160496,2.616281298478963,-1.8864842893115403,1.1193094470679548,0.4377210963576401,-0.44555043365535707,0.9770484631389686,0.6295458263344784,-0.6347342194005836,0.12236563340616069,2.169346587031323,1.2048280423692381,0.590468362651617,-0.034167794818154906,-0.8960066271822884,0.7697627490445327,-0.035503185260591374,0.30810514154283486,1.570761011499741,-2.0927290643368046,-0.5832576935334026,-0.46319381099954327,2.812287337969419,-0.5947925469707289,-1.662464708425106,-2.9835723996481116,-0.2755574935888434,1.1944008447523053,0.1959091327425433,-2.695459078115266,0.42702822053133405,1.6199867601309994,0.4447199586244379,-0.3297924773797516,0.20340594383186184,-0.07448212136622989,-0.951368372593479,0.5494183496345142,0.122103189762371,0.20904527361440306,-0.18382006282940044,-1.6287828587836901,-0.46959916684891145,1.7076778825927894,-0.37466741168087125,-0.4505096306753058,-0.9506438258237684,-1.5902960319289074,-1.897336241981531,-1.6407653001987932,2.183317501806934,-0.3539951813480051,-0.8906646823513031,-0.4904555015953276,-1.0922954356435586,-0.726302075174694,0.4725953473919686
numHidden 	6
numGenes 	57
minGene 	-1.0
maxGene 	1.0
popSize 	10
maxEvaluations 	20000
mutateRate 	0.2
mutateChange 	0.5
seed 	1554303913920
random 	java.util.Random@1f17ae12
neuralNetworkClass 	class coursework.ExampleEvolutionaryAlgorithm
Training Set Training
Fitness 0.019106511286507533