1.9094859908143347,1.1876604381687528,-3.185580812373452,1.2803549740597682,-0.33932995599870663,1.7037583071391058,1.613498711390747,-1.0141106905701223,-0.0627024821057911,2.6619628860559263,-3.9629279403930733,-2.2479117659274213,0.4632196978364267,-0.0493555872653757,-0.41781254956504177,2.4819715222100185,0.7786763612934717,1.6678511084894747,-1.4737017512862067,-1.3046398534014503,0.06940289283107792,0.728404670973519,-0.6069739240374958,1.9050173900560727,-0.3052354047070436,2.4757460280005286,1.8409197567943074,-3.416443250191591,1.7727245580477957,0.0597371302733789,0.21103492086248776,-0.6969492762010048,0.29601932190066105,0.07821249915172701,0.613570152379129,1.3359261153382473,-0.8780282262280461,-3.3452528241194543,1.6825788311959768,5.3065032306469515,-0.19386826432218918,-2.5659618908469066,-0.31830103251480946,3.8655488831956673,0.16159535168300687,1.0428847664154939,-2.1072457495810744,2.187272847401637,1.1289419666441372,0.34666585896000046,-2.998839704043341,0.9521579403395026,-2.10589492334444,-0.549163923707978,1.4593985939716734,-0.12059358520697971,-0.26748966946560526
numHidden 	6
numGenes 	57
minGene 	-1.0
maxGene 	1.0
popSize 	10
maxEvaluations 	20000
mutateRate 	0.2
mutateChange 	0.5
seed 	1554304147775
random 	java.util.Random@1f17ae12
neuralNetworkClass 	class coursework.ExampleEvolutionaryAlgorithm
Training Set Training
Fitness 0.03773378468633673