-1.2746565709402926,0.6423659272976623,-1.1511698325627464,0.0764005936073322,0.5628574717890553,-0.48358338032247805,-0.9273471318763618,-2.0100809660377217,-1.4994184102275794,0.2829472238385746,-1.0615753463651703,-0.03948156570008443,-2.1527619726050613,-0.12222490057614177,-1.1295255819544434,0.22419106506992836,0.4366045628311144,-0.22905398121785248,-0.5075521633620543,1.6458209816673781,0.7672671260020387,-0.7167220674487285,-2.408895240253803,2.1135944414343655,0.4807841805287152,-0.730897892837568,0.9966831627247765,0.5840617801589494,-0.6727507820573784,1.2150676032247676,0.7719807706791628,2.8599439428214035,-0.6058089861870377,-2.27090282077463,0.21171096185807525,-0.5874326369187677,-1.5236874859246878,0.21223428401077782,-2.2532409660641726,1.5988368160992739,1.8030908817779538,-1.445646723929779,-0.056958407115919485,1.4328884614973663,-0.39734660905696284,0.7246021559375613,1.7677972705075382,-2.2309617081625372,2.2273115584278176,-0.931833474586391,-1.7534447629824594,0.1927772391868674,1.7156444950565077,-0.5925901916105125,-0.12354646630824706,0.888818661244746,0.5148160211478117
numHidden 	6
numGenes 	57
minGene 	-1.0
maxGene 	1.0
popSize 	10
maxEvaluations 	20000
mutateRate 	0.2
mutateChange 	0.5
seed 	1554302983224
random 	java.util.Random@1f17ae12
neuralNetworkClass 	class coursework.ExampleEvolutionaryAlgorithm
Training Set Training
Fitness 0.01432301215870737