3.0610385275075673,0.7012868462255326,2.5201595447691947,-2.1613409375600448,-1.731722724033991,-0.27882802887550984,-2.7804457167040955,-0.9842332345019571,-1.1835026737604644,0.8461386906968755,-1.076860749381195,-0.5691095074568882,1.5929477996113213,0.128032852138594,-2.18866322786487,0.4112744118214481,1.7239198658233164,0.8600114066000766,1.3831323766851205,2.5129804880901405,1.2724877059869235,-2.3180052616329845,-2.5367999883216927,2.232573097817208,-0.7953892977587046,2.1169040246247945,-0.8010135234086604,0.1144996683687536,0.08271412069775402,0.6388907433637572,0.9684007626594131,-2.8346644937035066,-1.4467103138764683,-0.8459344564854097,-0.6550821060267695,-2.0658904197986914,-2.4600215030135635,-2.0089743676566014,1.6805882097358413,-1.546525764831478,3.036020095368677,-2.5972167099826513,-0.6313952053557148,-0.39047105349413236,2.109874171339814,0.07348850315808661,2.3857624886425324,0.768655555210231
numHidden 	5
numGenes 	48
minGene 	-3.0
maxGene 	3.0
popSize 	200
maxEvaluations 	20000
mutateRate 	0.01
mutateChange 	0.05
seed 	1554396625453
random 	java.util.Random@1f17ae12
neuralNetworkClass 	class coursework.ExampleEvolutionaryAlgorithm
Training Set Training
Fitness 0.11440527499683657