-2.534965211446612,-3.00828674763257,1.3650676835254834,2.7428871497520584,-2.4682315550391927,1.8889071452369919,0.43053253266450636,-1.9493676107164812,-2.688278591327408,-1.6131605486957887,0.9065716827188353,-2.6002754449439145,-0.4201173014245636,0.01798113554674101,2.1310183964740683,1.5974526428118914,-1.4515424303419528,-2.5578257331432592,0.661121139486754,2.649583365994258,-1.2880872312026552,-0.9853961182855011,0.8939989623400686,-0.651261480965081,2.9957569217511955,-0.08846850073035122,-2.67780126141753,0.010834213730265677,2.4939573344480666,-2.4779688365029457,1.783279634867305,-2.359714626825026,2.4623160922439977,-2.381737614725239,0.6635169302844723,2.627720511104058,1.8550463232090555,2.008614987411346,-1.8955049578006675,0.4945037748241146,-0.9007823756180539,0.6573566382959382,2.287527256044725,-2.6035969870043307,0.19665477688826005,1.4712089970835929,0.7845133791104901,2.2842940937077634
numHidden 	5
numGenes 	48
minGene 	-3.0
maxGene 	3.0
popSize 	200
maxEvaluations 	20000
mutateRate 	0.01
mutateChange 	0.05
seed 	1554396552221
random 	java.util.Random@1f17ae12
neuralNetworkClass 	class coursework.ExampleEvolutionaryAlgorithm
Training Set Training
Fitness 0.1327132078003015