-1.6515966649516989,-1.7378103886249419,-2.121877805461901,-1.4136068772939032,-1.4560558344581893,1.8436923137407464,-2.7986533291103393,0.3571157411819041,-0.9550468650907225,0.011867913269016303,0.9997358545973696,-1.6236255056747835,2.6517132967227166,-0.11569105782413501,2.655525597370632,-0.5870890292573925,1.621772054003111,-0.012118747571338684,2.69611501225656,1.8085500278680104,-1.5257963869833127,-2.754979572979237,0.299489805251253,0.10653684784155777,-1.7682019199177057,0.7810561199305528,-1.611385610295992,1.632364099821146,-2.2472261119108534,-1.8357778944248324,1.882604031184302,2.9408984375810077,1.2954115289805879,0.6786811551192973,-2.816968149916229,-2.748968968133775,1.4383002388658002,-0.5429340884008897,-2.128223465248193,-1.6659956643819676,0.8456877612462133,2.962710870761412,0.8823600690432034,-2.896014203775642,1.7717198061570711,2.1129184325783523,1.9297739764278283,2.929382799277273
numHidden 	5
numGenes 	48
minGene 	-3.0
maxGene 	3.0
popSize 	200
maxEvaluations 	20000
mutateRate 	0.01
mutateChange 	0.05
seed 	1554396290783
random 	java.util.Random@1f17ae12
neuralNetworkClass 	class coursework.ExampleEvolutionaryAlgorithm
Training Set Training
Fitness 0.13526551162734327