2.2267094799057308,1.022971283468089,1.8667297303775157,-2.030807086806985,2.439175932834142,-1.9709757770701928,2.813289060607702,-1.0580493197751586,0.866691218245984,-1.3876686394924398,0.9137913338402281,0.4749205726232268,0.4132652884841169,2.404514127294336,0.08320081491877583,-2.5340853207990737,-2.471165363514216,0.7835686187640327,-2.8937914449249407,-0.45224525094474943,1.4098333054892453,-2.0827223652052917,-0.8933740677374835,-1.1528490591849831,-0.7162440110065909,-1.0475685750701935,-0.10482389962981316,0.7235851108637377,1.5597859200650148,1.6107330433150724,1.4814614124340855,2.9887260293421996,-2.3556515315368145,1.2159354928315431,-2.4285658321521604,2.3393214676482597,1.524755299494947,-0.3220664138298922,0.29474099570988876,0.3564378395979051,2.915893916914392,-1.3018006321542313,2.7668625779806666,0.9813352812863811,1.394221487320321,-2.462872874525797,-0.8109872867056194,-2.1768069495801363
numHidden 	5
numGenes 	48
minGene 	-3.0
maxGene 	3.0
popSize 	200
maxEvaluations 	20000
mutateRate 	0.01
mutateChange 	0.05
seed 	1554396850287
random 	java.util.Random@1f17ae12
neuralNetworkClass 	class coursework.ExampleEvolutionaryAlgorithm
Training Set Training
Fitness 0.10100137390451047