-2.603127552047252,-0.878663464415423,-0.1458808844530371,-0.20473881028432217,-0.6157370647118607,-2.2754705006570086,1.986616693994626,-1.505469781705799,0.033401520469182516,0.7741584528445105,-0.5358155484075704,-0.8610579127760729,-0.2784009399034691,2.5256871448093925,1.2976415277601128,-1.9651996019769025,-2.9478562319617954,-3.0526145942748766,-2.534096523331988,2.7124281486953334,0.5437531898317696,0.687620318433064,1.8746993064731825,-1.5178991041610777,1.9680006688633784,2.2408638502099425,1.140305713491471,0.0627613607670563,-1.4519183228364394,-1.9153316979053914,1.9536599359210507,1.814947638250117,-0.21185377896018487,-1.1249031804193865,1.6298156618125286,1.9183537323983593,-3.0042177626512,1.5408335639982595,-2.465176647186464,-1.6690778415032728,1.0410956721238835,0.6064281146562347,0.2067192938280506,-1.1996422402300702,-0.035808690831658746,2.4528648479616795,0.6994206101896383,0.47043127626008285
numHidden 	5
numGenes 	48
minGene 	-3.0
maxGene 	3.0
popSize 	200
maxEvaluations 	20000
mutateRate 	0.01
mutateChange 	0.05
seed 	1554396130328
random 	java.util.Random@1f17ae12
neuralNetworkClass 	class coursework.ExampleEvolutionaryAlgorithm
Training Set Training
Fitness 0.13325997324477973