-0.7856127621343221,2.5580053818430137,-0.10860304772930417,1.5701627758878125,-1.8253119375403883,1.434899930757765,1.2999350862468537,1.2500942217708415,-0.6221174177181517,1.7800482254867362,3.152020443723816,-1.5369822646217113,0.8730859416039571,0.9753369140189274,1.7138622134621235,1.750250958485652,0.6938013989758351,1.7377516124661188,-2.76179382067298,0.2286953991416743,-2.036190761138991,0.9893840472653173,2.058060498428671,1.492457343363391,0.9435190803956701,0.21100171736389672,-2.324582197681324,2.833573309467811,-0.3625239415245545,1.4204773822478696,0.2998464024621521,2.8120026114797243,1.2489454190770097,0.8169826815392636,-2.299195540240682,1.0984091641800158,1.3702369453623533,2.918962793659345,-1.8159825875187465,1.9941171928834225,-2.4123388952258775,-2.8514847358030786,1.7862413598798674,1.400979919495173,2.7077470957188403,0.6769072444129622,-0.7957792881036276,2.2197639277437693
numHidden 	5
numGenes 	48
minGene 	-3.0
maxGene 	3.0
popSize 	200
maxEvaluations 	20000
mutateRate 	0.01
mutateChange 	0.05
seed 	1554396206970
random 	java.util.Random@1f17ae12
neuralNetworkClass 	class coursework.ExampleEvolutionaryAlgorithm
Training Set Training
Fitness 0.12234486548779185