0.38058596001735767,2.2303365944011997,1.2666617341873128,-0.30315678741801555,-2.8212915380760464,3.089816227162985,0.6940582804616786,1.0913632795728947,-1.2078176480369065,-0.5950029893234448,-2.530592055482365,1.2818086358553864,-2.071041927732158,2.597042057032181,1.5526390720919494,0.5792729904914606,1.524883797404186,0.5789811766693151,0.9544710982022462,1.6594905105942466,-2.8809895659925457,-2.932171031210435,1.1558673518354237,2.8815753869228518,-1.6769625060472464,3.134518492988275,-1.294268303737431,-0.1280099388068825,0.06902047712299773,-0.33214180713246166,2.69248778052631,0.05990779358628728,1.7768785414860053,0.10801921307670952,1.8613573537093213,0.6481877832065761,0.6781659540461922,0.9218534438644059,-2.2871779729099466,2.639725835247095,-0.5850095166093454,-2.6533572259505593,-0.8810727571153174,-1.0880099264898149,-2.1971132946016354,1.6706748855728606,2.0827575613477123,-0.45690120015585717
numHidden 	5
numGenes 	48
minGene 	-3.0
maxGene 	3.0
popSize 	200
maxEvaluations 	20000
mutateRate 	0.01
mutateChange 	0.05
seed 	1551738745389
random 	java.util.Random@1a6c5a9e
neuralNetworkClass 	class coursework.ExampleEvolutionaryAlgorithm
Training Set Training
Fitness 0.13396152619650437