1.0954415375486786,-0.33881694757190567,-0.28195813701845845,1.2107804528445256,2.095786865970929,0.4420124652585045,-1.9343114600287263,-1.4465728294914457,-1.6412775553198702,-0.38735689926249073,-1.5962580764723653,1.814877352466553,0.1901020659251615,2.670055180889059,0.26176858946709824,2.8541709130497495,2.3044594875479465,-0.8401630643448532,-1.068597452648993,-2.581129581817176,-1.087198185234537,0.7209390512192044,0.9130860216424859,1.9850708161903694,-0.2738039497757123,-2.232650779563441,-0.8459630840327474,-1.5857927813155555,0.6720095539920516,-2.053969790624366,-1.8727665944229468,-2.1763811736324152,-2.4775955897486144,-0.0024268693177605244,-1.4023051712412333,1.2986901280244447,-1.7750852929165233,-2.229371725557428,-2.2436816390603083,-2.307252620696853,0.002674258809980401,-2.2467144176195752,-2.8269826604610917,-1.3332494648037847,2.0070941542427594,0.8841844992901162,1.1798921424275057,0.2641767329219279
numHidden 	5
numGenes 	48
minGene 	-3.0
maxGene 	3.0
popSize 	200
maxEvaluations 	20000
mutateRate 	0.01
mutateChange 	0.05
seed 	1551738471538
random 	java.util.Random@1a6c5a9e
neuralNetworkClass 	class coursework.ExampleEvolutionaryAlgorithm
Training Set Training
Fitness 0.1329744067738953