-0.9683845040826149,-1.650124081736386,2.1419592131671283,-0.8783185510909499,-2.70675349523274,-0.4921929415789892,0.45218296866975294,-2.4658394495127607,1.9978578559483484,2.650084429906711,1.9463026257304288,-1.1083308795969096,1.7026910976992482,-1.2234391220033713,-1.3398023316947598,0.950226839339237,-2.9572187438028035,-0.989455351564118,2.8480654357427433,-1.7508417971559451,-1.2174968152125871,2.19513188485067,0.03439718606104947,-1.946339641407711,-1.6149346115337648,-2.2816888742513664,-2.9577538579303564,-0.48841348251720224,1.2641953448552663,2.3813781058531944,-1.6569154348656072,0.8497239208976144,2.391249401030186,0.7185583973660701,-0.8237125359377089,0.6719584176038857,0.6274569477440457,-2.3434048813944433,2.3265104167460935,2.1463232340187277,-1.4149970216344976,2.6714196267680874,-1.8750345845972336,2.030042888874984,2.9421272418697404,2.6548803279585176,0.35583243354604194,0.2312873309925479
numHidden 	5
numGenes 	48
minGene 	-3.0
maxGene 	3.0
popSize 	200
maxEvaluations 	20000
mutateRate 	0.01
mutateChange 	0.05
seed 	1551738883430
random 	java.util.Random@1a6c5a9e
neuralNetworkClass 	class coursework.ExampleEvolutionaryAlgorithm
Training Set Training
Fitness 0.1308536840878396