-0.2866808235234286,1.1191321275757962,0.12791327777188782,2.210319345986412,-2.795890402062361,0.6778309576982142,1.088808795043744,0.38541183122603684,1.538262577889729,-0.499460228725009,-0.824962583317661,0.4400012714766496,1.2900406744891046,1.8658137673756743,-1.0205167472595327,1.3502299669525968,0.9966422766550791,2.79846644042827,-0.9465098659543631,1.1722555360965083,-0.9227329030111691,-2.8446985713285566,0.755277796891298,-1.3040281599280557,1.8746735962490044,-2.750445784057171,1.0136156137089667,1.8623861854733292,-2.15939828271055,2.677119905859839,-2.3517520505422063,0.97003134239395,-2.6514557014305957,-2.520877223763747,-1.255580577619028,2.861025082278709,2.0669625551779482,0.6343725473425543,0.022211948392656736,-1.8698763034389223,-0.5368539713309983,2.2717318590479945,-1.3277352285913042,1.390352789814808,0.23252998921617574,0.376408303255335,-0.5521976136849347,-0.7934711953187708
numHidden 	5
numGenes 	48
minGene 	-3.0
maxGene 	3.0
popSize 	200
maxEvaluations 	20000
mutateRate 	0.01
mutateChange 	0.05
seed 	1551739003212
random 	java.util.Random@1a6c5a9e
neuralNetworkClass 	class coursework.ExampleEvolutionaryAlgorithm
Training Set Training
Fitness 0.14121975270891274