-0.1158273673775331,-0.32210074172177167,-2.0454403170766886,-2.439744215470738,-3.066251741915987,-2.293118946407884,-0.8575715919972797,-0.8553587361131976,-0.07025013062046634,1.0778955723359005,-1.3687500196440319,1.9876655315025396,2.603103872642052,1.9894020436721298,2.0879128264172104,-0.1466312852609173,-1.040364214895631,2.2040469715055275,-1.9728179746148211,-1.6848639161485781,-2.9887032856097804,-0.4097996852983741,-1.9199001587538245,-0.2798981824531929,1.6361676853553897,-2.1398852742978605,2.512278356781997,-2.986183766479342,0.24257348552563052,0.7580631274320844,-0.9116884478747223,2.222870460799504,-2.161192838024088,-0.15013781438245655,-0.9265436953474868,-2.4400315832552595,-2.376362802401338,-2.1992725008912277,-2.7538454948279147,0.8702312815941278,0.3139440476984019,-2.6485368713330057,1.8148895522968083,1.1793194442317076,-2.7354974543423918,1.7635254169638053,2.9402934788663755,1.7332518261565557
numHidden 	5
numGenes 	48
minGene 	-3.0
maxGene 	3.0
popSize 	200
maxEvaluations 	20000
mutateRate 	0.01
mutateChange 	0.05
seed 	1551738602409
random 	java.util.Random@1a6c5a9e
neuralNetworkClass 	class coursework.ExampleEvolutionaryAlgorithm
Training Set Training
Fitness 0.2195567929796334