-1.505003453010859,-0.6865888788155019,2.1338000625140285,0.26260827140330356,-1.7376303758034652,-2.419858198806409,0.5466939155115316,-1.7506914720346667,0.511380233963491,-1.8175078438816918,-1.3730000001005354,1.1619895220093106,1.8547194923302392,2.403775104071938,1.637728545542273,-2.343694464773516,0.7332529239256733,2.36223716719455,-1.4278657856936365,2.8529533434877186,0.5194081412960694,0.7652363886109088,0.5120366329132338,2.886195851625528,-0.9392412080601762,-2.5646495337293187,1.9824583613432416,0.6889860813236446,2.206810039742014,1.317731043983584,-0.8757037675427153,0.38864872763414166,-0.021213367057577148,2.5916878546454987,0.9422913392674857,-1.4804911374142002,-0.2034754212197165,-2.6393378746509564,-2.291395287394679,2.878768495930302,0.3683603302603732,2.783417844854929,-1.7871421948001278,1.3593645186392869,2.329212660483659,-1.9645467527674938,0.44754130758968313,-1.0615468610290182
numHidden 	5
numGenes 	48
minGene 	-3.0
maxGene 	3.0
popSize 	200
maxEvaluations 	20000
mutateRate 	0.01
mutateChange 	0.05
seed 	1554396762383
random 	java.util.Random@1f17ae12
neuralNetworkClass 	class coursework.ExampleEvolutionaryAlgorithm
Training Set Training
Fitness 0.19528049635223027