1.6718514208211879,-0.36641016709764074,-0.8000008960267899,-2.295590333216148,-0.04848234990852278,0.25414426694727676,-1.6941316928555306,0.13796940263797564,-0.5666313178502236,-1.6905502332191598,-2.1467139763131318,-2.61988569024534,-1.5526007444801064,0.8661142592418989,1.46517871555744,-0.1416454083945608,0.9474404611391061,0.7917693805172064,2.0284021800915486,1.1638211609843396,-1.2145265753553551,-1.8697879354802176,-1.0803958142227594,-1.350703157809217,-2.4619391282021357,2.311651969584057,-2.3586509519793646,-0.8727107482727514,1.7956196903269206,-1.1065349688698032,2.1540407716961987,2.3180357374066096,-0.17824512334571807,-0.9922913505449316,1.3294106315906244,-1.6280586178003622,-2.526149650148801,-0.38998403719528063,1.9290767700538702,-2.4969432425280638,2.497599091781751,0.8803458392345207,-0.8730905999288812,-0.1801846425630783,-1.1828564394438401,0.5694220935030945,0.04667751925922339,-1.3736419483577476
numHidden 	5
numGenes 	48
minGene 	-3.0
maxGene 	3.0
popSize 	200
maxEvaluations 	20000
mutateRate 	0.01
mutateChange 	0.05
seed 	1554396930942
random 	java.util.Random@1f17ae12
neuralNetworkClass 	class coursework.ExampleEvolutionaryAlgorithm
Training Set Training
Fitness 0.12312173327268347