0.09340309443681098,-1.8865006798540211,1.608996783829639,1.2835613919170903,1.3789221887091323,0.7300924229416763,-0.3879743771884357,1.3513497476025336,1.0589545918163916,-1.508251313556022,-2.0683773794571056,2.5887891997375254,1.0410029300294799,1.977092590786298,0.8957449880846353,2.5504074277368396,1.6028157145123234,2.6800149762663406,-0.06651775978880448,2.5314050594929984,0.5943442638040612,2.750647862843966,0.3483958006611205,0.191528493824622,-1.8663910682560025,2.10198574878022,-0.7616032477456909,0.15517786170843717,-0.7796144621168462,1.2618274343953892,-1.5031814967218087,-0.9046434476717491,-0.9650117696995839,-2.497550484918003,-2.033550414107852,-0.5944507809984139,-1.8797211759133725,2.2206544577703866,1.8929009311683949,2.3976048696078873,0.7633952479578887,0.9185720941481825,0.8857900800461156,0.035180956115253806,1.4995489702090827,2.950827441813984,1.3958386848535442,2.7212911001721274
numHidden 	5
numGenes 	48
minGene 	-3.0
maxGene 	3.0
popSize 	200
maxEvaluations 	20000
mutateRate 	0.01
mutateChange 	0.05
seed 	1554396378640
random 	java.util.Random@1f17ae12
neuralNetworkClass 	class coursework.ExampleEvolutionaryAlgorithm
Training Set Training
Fitness 0.2075781974209064