2.6511279467084794,-2.2959445161975642,-0.9663371465863444,-1.5134649794817605,2.241218660725676,2.361221514344053,-1.8267138238880944,2.473750514250016,1.4850380195482396,-0.13033035970973686,-1.2491235878165312,-1.4196430898075278,-0.02864599216294403,0.6063081103346921,1.0809710335742555,0.8525240912299203,0.16671318229499638,1.8452900189361083,3.006977339547263,2.002530634349225,0.3530049623036026,-0.5592358990666166,-2.590951998375921,-0.42618001863340665,2.12600862576525,0.6290414786587395,-1.5973293156667974,2.5565192846082807,1.079128861255111,-1.739385857286474,-2.457392991474801,2.3589765779382663,-0.12573688926996685,-0.91542857966187,-2.9316992574736194,1.3467286593614571,-0.9330269583421142,-2.192429498507386,-1.0141386741419776,1.703673917433542,0.9058727148329162,2.7866269676229303,-2.8217879091084894,-0.5489195283649417,1.0663752808091949,2.939597804154462,1.5189758000713989,1.2284244636114507
numHidden 	5
numGenes 	48
minGene 	-3.0
maxGene 	3.0
popSize 	200
maxEvaluations 	20000
mutateRate 	0.01
mutateChange 	0.05
seed 	1554396051170
random 	java.util.Random@1f17ae12
neuralNetworkClass 	class coursework.ExampleEvolutionaryAlgorithm
Training Set Training
Fitness 0.1311053285248383