0.7217826452714222,0.29258915505710503,-0.7228199116642647,-0.32394700257866665,-0.6548416599969364,1.0539106189576637,-0.9208875525694591,0.044413153868691824,1.221511802584916,1.1451524421792227,1.5684871632728414,0.7605834159508944,0.1287967240298042,-0.8467485793337388,1.3822350217921262,-1.30348689752567,-0.2961171913851522,0.10161500052192496,1.0835899285198853,-0.3627767511734264,0.44116818828708104,0.4778673013436577,-2.3738809041663878,0.002147531243784362,-0.4970096456949673,-0.8228852203213306,0.2239999660316354,-1.1478784836977807,-0.4990336410275387,-0.31511473706820997,0.6914510240672229,-0.3618429270610824,-0.4255769659617465,0.21521924372043738,-0.9237732132998933,-1.090454527433333,-0.9982355839776711,0.09459917467210899,-0.5945866519721019,0.7303496831305338,1.2567749564540298,-0.15576335722343437,-0.32218293664661773,-0.5761042354870338,0.9976421163756828,0.025424212016662673,-0.14864359868554766,-0.05834740429955437,-1.7309743204033283,-0.499349500415569,-0.03643063309663952,0.14407206740417905,-0.5894254449485608,1.475955517975337,0.19452543870553335,-0.9030464866626347,0.9653471398017268,-1.126018479301778,-0.38358914040673203,0.7435061950148691,0.40601797824662017,-0.6545099512665553,0.16690815269171294,0.9134712466541455,-1.5621873327514293,0.5720721911255899,-1.5964107081835168,0.7542467941757043,-0.24900443810722722,0.3179664504057273,-1.0576327558329925,-1.4971432170785821,0.3722776354051551,0.4571529086983866,0.5379253135536155
numHidden 	8
numGenes 	75
minGene 	-1.0
maxGene 	1.0
popSize 	100
maxEvaluations 	20000
mutateRate 	0.1
mutateChange 	0.3
seed 	1554482686272
random 	java.util.Random@1f17ae12
neuralNetworkClass 	class coursework.ExampleEvolutionaryAlgorithm
Training Set Training
Fitness 0.0157041344026867