0.6228919043583435,0.7300288731397078,0.5546055198189654,-0.04979359356765506,-1.322353120999437,-0.9915756034145176,0.5387867505794017,-0.1978837770198597,0.9760124028806036,-1.5855370337482704,-0.9444139218345042,0.40581269233863687,-0.1741389369771139,-0.5290124231772162,0.7268766472917322,0.7888957450209058,1.359800636849337,0.09902337830415131,0.9593852593450931,-0.11089457160498889,-1.5447995152208687,-0.31789873481322356,-0.16827638411436974,-0.6015441702439133,0.8879977713778733,-2.1778303472088405,-0.7340497598206619,-0.02091249857136296,-0.2536474207247004,-0.32682088779842583,0.12932105286873108,-1.108202164423377,-1.479813930335195,-0.23999759704216111,-0.31469529226303417,0.7975097311805313,0.17548664460444502,0.4057619820112058,0.04163626547241056,-0.9131125840544843,-0.21536221117414556,0.5819671523593943,-0.1390070447114572,-0.6967401974551488,0.07569994142103098,-0.5215304968544684,-0.6602814133290977,0.24571295156813516,0.8885912087017764,-0.33990261319527076,-0.10438281890301276,0.4332822999055314,-0.7999956754021036,-1.6403452229341557,1.6126852741171285,-0.7459292028060194,-0.9306641409377472,0.02049229127246399,-0.8552831931407952,-0.2629335678233122,-1.69817182718968,0.22935018415806013,-0.29251556612937973,0.7036587510607066,1.4155643152643556,-1.2470416815929772,-0.37051520856303594,0.6277676972152162,0.9780851361536158,-1.012384754127822,0.8217081193425075,-0.5075071350105717,0.5780484673921367,0.14874925855512383,0.5429989323891489
numHidden 	8
numGenes 	75
minGene 	-1.0
maxGene 	1.0
popSize 	100
maxEvaluations 	20000
mutateRate 	0.1
mutateChange 	0.3
seed 	1554483553695
random 	java.util.Random@1f17ae12
neuralNetworkClass 	class coursework.ExampleEvolutionaryAlgorithm
Training Set Training
Fitness 0.02303058747312876