0.437108815662596,-1.640627232199726,-0.7168964128525279,-1.535536590964683,0.8411618720570668,0.19837288156280264,-0.0019475365040798054,-1.5976190706882063,-0.6973722963954703,-1.407365259630485,-1.5482137886122784,0.4188424775871588,0.6123560655163329,-0.3797971655433208,-2.106945257608042,0.6115760031361177,1.1021099315058194,-1.0054836201201716,0.44063156485398364,-1.8151130636695945,-0.48977014863123036,0.6285144122612247,-1.2807576224540376,-0.824033197336149,-0.6534386893910735,-0.03591235217215416,-1.298400442456053,0.0722587429831647,0.713148083894878,0.5764732411843072,1.5267715698081963,-1.1492618523742753,0.6747991668304885,0.769450547330583,0.07831756921973654,-0.5769951127003581,0.6475165767765152,-1.0019372150489907,0.5690722795632129,-0.5218627117743342,-0.3308035916625706,0.3029682294441927,0.10757411073406081,-0.6846403026124008,2.276187499763109,-0.740085286003983,-0.6088647042912041,-0.13191556980689956,0.3546602807578223,-0.4065055968096804,-0.5887678988187655,0.46056231265965447,1.1997844534235984,-0.8485151262126689,-0.32428265301178383,-1.2631509019167821,-2.1480427941631275,-0.6522423106975823,1.1996822499284319,1.013161981175264,-0.9460116749174758,1.4601204286912437,-0.8631553979899704,0.7237461355347159,0.20137302162701803,-0.47761283025785056,-0.9057719325920417,0.9003515534502371,-0.7429070432328799,-1.1493372683715826,0.6454923092196965,0.1037317229111453,0.33822471422342876,-0.37978956113436096,0.8133791637464416
numHidden 	8
numGenes 	75
minGene 	-1.0
maxGene 	1.0
popSize 	100
maxEvaluations 	20000
mutateRate 	0.1
mutateChange 	0.3
seed 	1554482983381
random 	java.util.Random@1f17ae12
neuralNetworkClass 	class coursework.ExampleEvolutionaryAlgorithm
Training Set Training
Fitness 0.012974230735389974