1.1795714065184324,-0.4426410827396788,-1.8255648959335689,-0.4169357809804877,0.09043197613972331,-0.3987402602015128,0.10458273093170944,-0.2739067553826628,-0.24941740204576496,-0.5736521131685572,-0.48931239943881016,-0.30815460467611605,-0.988382943047508,1.5050370055195694,-0.34621450394676373,-0.6712417866512315,0.8275034144398621,-0.24915686135203113,-1.4086762884391983,0.13976839489472476,1.5854842219104697,-0.03420095841545101,-0.6803231668142918,0.10848199092057831,-1.2848742224927012,-1.26086649281571,0.373341544025851,0.4616408385781309,0.29001754878016867,0.017028802787645625,-0.8037873258642252,1.1008681465429373,-0.3720379821568904,-0.6594349972650823,0.2562321034602389,-0.23299533002777068,-0.6004238970329443,-0.4210855468877324,0.1449115060613838,0.8547216501370527,0.46155007218104904,-0.4507873551813187,0.04235168361988656,-0.568672057999573,-0.23567340311674428,-0.025901920393879285,0.9190468332388886,-0.2666727420968449,1.1881869850893365,-0.5746756673984071,-0.49950152034691486,0.06827301504040861,0.5019257993935403,-1.4039994217519418,-0.8970481284823761,1.79894364323447,-0.655214321556101,-0.25814770695282685,0.5886455219907147,-0.1308633019115557,0.17860413442960227,-0.7414933274910751,-0.09015116757042874,-0.07018325587148322,-1.0193635003615993,1.5377934899585401,-0.3680841554412476,-0.38598332694570786,-0.5241275797088902,0.6827208873698505,1.1428367278438412,-0.167380066544853,-0.048011065909124295,0.9688061460097561,-0.24465976202428363
numHidden 	8
numGenes 	75
minGene 	-1.0
maxGene 	1.0
popSize 	100
maxEvaluations 	20000
mutateRate 	0.1
mutateChange 	0.3
seed 	1554483421337
random 	java.util.Random@1f17ae12
neuralNetworkClass 	class coursework.ExampleEvolutionaryAlgorithm
Training Set Training
Fitness 0.015357125206201918