-0.9097521283126284,-1.105142985367231,0.5600098878157418,-0.20987357476016044,-0.4952744562789861,1.4100065913443491,0.05385599991316292,0.7186611004266071,0.19696240788294722,0.12353995181477972,0.7383340978318964,-0.9946820379856947,-1.540552248625266,-0.09482596660087073,0.15399345007495646,-0.8876775403769599,0.4140502473337158,-2.101196780801022,0.31006029884121084,-1.2141240846703119,-1.2742510150964508,1.882066738303908,-0.5639969246942311,-0.6225453162058026,-0.8579405408578091,-0.7640107648003213,-0.49928759750611534,-0.24449069119977823,-1.8593195556695616,-0.9290320722397538,-0.9001393409120213,-1.2685036499748794,0.5848461626924379,0.595540814955202,0.6701962367276314,-1.4985026290750978,0.04812984734360748,0.9541535824666649,-0.6606156265447976,0.9993176896292029,0.428246051533996,-0.31381764200497364,-0.2282904576523072,0.4128053550375767,-0.10195966067967066,-0.29282292044607444,-1.0787288892849523,-0.9847001465065899,-1.3414108664548337,-0.5678926177579136,-0.2719528702595287,-0.6187263577179438,0.805891970413058,1.0650205410171862,-0.2513374514696774,-0.6561811019690403,0.4517182405164489,-1.228150537444201,0.35253493401948127,-0.8404130940109433,-0.20726089258426655,1.2934139558951305,-2.1471832926333154,0.9407014830917981,-0.8075097688616109,-0.7415561572300855,-0.20309810915223858,-0.022345315957997547,0.6520704662697523,-0.39955141527500704,1.0664678603531796,-1.427541026479379,0.07670924824308833,0.8806551121839561,-0.24000322476099956
numHidden 	8
numGenes 	75
minGene 	-1.0
maxGene 	1.0
popSize 	100
maxEvaluations 	20000
mutateRate 	0.1
mutateChange 	0.3
seed 	1554483669388
random 	java.util.Random@1f17ae12
neuralNetworkClass 	class coursework.ExampleEvolutionaryAlgorithm
Training Set Training
Fitness 0.01842165178016998