-1.2237779994807723,-0.0466593804103651,-0.8899110453161765,0.3998041497938789,0.5059439252886664,1.290657027518,0.7246784007237645,0.19528129494565238,-1.3243586316985314,-0.7289510838263762,0.22755674167008993,-0.41046813398709286,0.9143136020916174,0.5489071428410615,-0.998780212693642,0.9461024832709193,-0.1278240684281739,-1.0030521567410549,-0.8509639418689352,-0.859351550958263,0.6880947000546995,0.4734341240068709,0.06455455128720394,-0.9396321088819026,-0.16772151825403464,-0.6233591032085177,0.8666064178372404,-0.39746190607195553,-0.6541218382860705,0.7304323587902695,-1.068224262247465,-0.018897195038223846,0.6966956959692496,0.6964802185696437,-0.18771907132157278,0.996299609108876,-0.9042954437424093,-0.36947228850592256,0.6352636297354677,-0.03644043635335131,-0.036242361566036385,-0.15132139989211657,0.07832528266728278,-0.2557510823844048,-0.3404038953982827,0.49574249760621564,-0.1375149474415885,0.47956763313794476,-0.6532989093813373,1.004567138224968,-1.38076412157448,-1.0497295715756367,-0.3930246031144603,-0.9768150011516081,-0.12679662771578581,0.6820578885276447,1.7569608995622694,-0.5376925948433209,0.8096802715831357,-0.7203750832590254,0.2741244070818068,-0.28817087888682474,0.0014948506590792832,1.3194556671924955,-0.7944812848702554,0.7981808547995481,-0.5800165238679329,-0.6091440591170196,-0.8723638151548141,1.1432441042857289,0.878569788269771,-0.20248559895528712,0.3752358149051301,-0.11497475185118455,-0.03345846219366405
numHidden 	8
numGenes 	75
minGene 	-1.0
maxGene 	1.0
popSize 	100
maxEvaluations 	20000
mutateRate 	0.1
mutateChange 	0.3
seed 	1554483090717
random 	java.util.Random@1f17ae12
neuralNetworkClass 	class coursework.ExampleEvolutionaryAlgorithm
Training Set Training
Fitness 0.04817823108998294