-0.1291989426227722,2.6755317819236883,1.1656234606512021,-1.351140885802998,4.930957471651004,-1.1846896732267238,-2.06472010500899,-3.8130278831807596,0.27975308386684117,1.8846022247852698,-0.7722865573333271,-0.18564739942316644,-0.39331746334518547,-0.44540874797482366,0.558884841360274,-5.049052776829354,1.1448717725013533,-0.8238344008776388,0.60341150144821,-0.3233193476520253,-2.8477967202269365,0.8535119082037979,2.6973497387113947,0.020927883923695934,0.23026492180906266,1.3183169545423912,0.4604475057713229,1.6411258086913731,-1.3007983560679552,1.284081118374178,-0.5829208654983657,-1.0110263474493209,-1.603061260168812,0.751064262543049,-0.9482857036897145,-3.490062285704779,-0.2658635847656736,0.8358992624738844,1.1039134718166108
numHidden 	4
numGenes 	39
minGene 	-1.0
maxGene 	1.0
popSize 	10
maxEvaluations 	20000
mutateRate 	0.2
mutateChange 	0.5
seed 	1554305002005
random 	java.util.Random@1f17ae12
neuralNetworkClass 	class coursework.ExampleEvolutionaryAlgorithm
Training Set Training
Fitness 0.016399923506311545