1.9338160772704218,1.3248453337510964,0.3872656731290851,0.6792289309457997,1.4037125065366323,2.415137282455637,-1.615246891041707,-1.2994359053063713,3.0295552359210953,-0.296120762713151,-1.8792469456102938,1.3919716485905416,0.6803395009191133,-0.44322904753416736,-1.7314528159021123,-0.24983826015754373,-0.755988172919239,0.31516144029189164,-2.036326826214032,1.822898430024889,-0.7455299148732164,2.5713637106307883,0.8489810785142795,0.15400319115565808,4.709696468295528,-0.7797309553149419,-0.30874380151507985,1.6005063288216166,-0.6561625632015857,0.28316294416407595,-0.6543008460459807,0.2831609430726747,-1.4320865767756674,2.4746371610879687,0.3714879581491848,-2.5657689748628245,0.6996168044615299,-0.011007625445291769,0.6701385891001517
numHidden 	4
numGenes 	39
minGene 	-1.0
maxGene 	1.0
popSize 	10
maxEvaluations 	20000
mutateRate 	0.2
mutateChange 	0.5
seed 	1554305704504
random 	java.util.Random@1f17ae12
neuralNetworkClass 	class coursework.ExampleEvolutionaryAlgorithm
Training Set Training
Fitness 0.031070075777319565