-2.254577503831178,2.795616974440591,-1.8668913294938674,-0.8779141863804194,-1.5252414715472196,-0.6782856660861452,0.9743672187190349,-1.4877288918099068,-2.1312189385655174,1.5197888558072037,-1.4162232093933411,-0.54924179644252,-0.6533582209065372,0.27740327476049975,1.5970779093615535,-2.107939469846782,1.997029000343441,0.7310704637446923,0.629499383551609,0.49776760580295787,-1.268647550214485,-0.12148927820714017,-1.683532631164046,0.0018742604452590683,-1.239240353709616,1.2020117595176074,-0.5570525344883683,1.7819447863381623,-1.875660520981157,-0.7934831372920224,0.10224471662306067,-0.1404800547255176,1.2572190278534527,-2.987791934939821,-0.2686712310622985,-3.302369561330087,1.5635119310609458,0.45058425766702914,1.0369903492938584
numHidden 	4
numGenes 	39
minGene 	-1.0
maxGene 	1.0
popSize 	10
maxEvaluations 	20000
mutateRate 	0.2
mutateChange 	0.5
seed 	1554305260227
random 	java.util.Random@1f17ae12
neuralNetworkClass 	class coursework.ExampleEvolutionaryAlgorithm
Training Set Training
Fitness 0.03986834827877645