-2.4733411201733526,2.269700720470016,2.7046870897809736,-1.6896990458050345,-2.3813935698941755,2.4723630724513734,-1.7681691092501568,-0.9078403570343283,-1.0259245410591975,1.8549155333328384,2.907670560804208,-2.5390189430898147,-2.506032748450087,0.4338192652026731,1.4339449031664746,2.7403810072239,0.750401253318288,-0.38516504215143255,2.589740729142555,-1.2342767115713889,0.5622503197465514,-1.195865415591505,0.3072425975923023,1.1464225051234047,-2.2220870315449925,0.1814778430891011,-0.5777997261914596,-1.4729197279593873,0.9446428075842237,3.4162939618646515,1.2828892608930014,1.7087608093287128,-2.7427362372608783,-1.6064099611572713,-2.9001811314315957,2.4148750459284622,0.2410572583068742,1.5430258371072867,2.208321041385103
numHidden 	4
numGenes 	39
minGene 	-1.0
maxGene 	1.0
popSize 	10
maxEvaluations 	20000
mutateRate 	0.2
mutateChange 	0.5
seed 	1554305416207
random 	java.util.Random@1f17ae12
neuralNetworkClass 	class coursework.ExampleEvolutionaryAlgorithm
Training Set Training
Fitness 0.08227036506066081