-0.7254409096815895,0.6302626200642718,1.2024206620501934,-0.04378853591363652,1.0593001290060438,-1.1919049301192888,0.9869691345431131,-1.828523173699804,1.0228268010257422,-2.3963127975947147,1.3974194758890643,2.817411001011717,-0.18988526636825043,-3.0363986512234216,1.7263260602106407,-1.9683500888127243,0.9079002987071272,-0.468481765982409,0.83621757881799,0.5630887064094074,1.1627582446141198,0.9500391411881937,-0.8664116247013787,0.5309187825222355,-1.1371850950485725,2.068015334859207,0.3837740928057236,0.4235411957257955,1.0716657749688692,-2.828665818091402,1.2244590732886298,0.6573738361255606,-0.18838239220050235,0.4938668686559904,0.9191160536070304,-1.245708261817507,1.3395182474344622,3.2093393280003415,1.6280390622203802
numHidden 	4
numGenes 	39
minGene 	-1.0
maxGene 	1.0
popSize 	10
maxEvaluations 	20000
mutateRate 	0.2
mutateChange 	0.5
seed 	1554305194663
random 	java.util.Random@1f17ae12
neuralNetworkClass 	class coursework.ExampleEvolutionaryAlgorithm
Training Set Training
Fitness 0.10441170713923249