0.6112823762150414,-3.1721181529570037,0.5404928076774775,0.5061623747211887,-0.3829143845735572,-1.5367194618724083,1.265506029955896,2.0293787803115224,0.5519743552630498,-4.263780159530057,1.069557365529519,-0.37094558106748643,-1.6530021584340564,-1.0949097001612476,0.38771182456751707,4.850193472691604,-0.06476564750579983,-1.133709966308221,1.027639865541871,0.6394620370499613,0.5148639868087701,-0.5401898575004662,1.8381027761491557,-0.24722567768560944,1.710937993020619,-0.8252723936412028,-0.6959500224040374,-1.6658358207492203,1.7507472349134738,-0.9767871602160729,-1.450905142193101,-0.795999739890662,1.4344393768905612,-0.1541441091026159,0.6831228510589689,1.3192596174297397,-0.42733081798003747,1.7261158404844659,-1.4106352781000135
numHidden 	4
numGenes 	39
minGene 	-1.0
maxGene 	1.0
popSize 	10
maxEvaluations 	20000
mutateRate 	0.2
mutateChange 	0.5
seed 	1554305479185
random 	java.util.Random@1f17ae12
neuralNetworkClass 	class coursework.ExampleEvolutionaryAlgorithm
Training Set Training
Fitness 0.009766562254174167