-2.0877903590502678,0.6721273713776761,-1.3968602128042797,1.12926897153144,-0.19218306389919393,-0.3414225906733377,-0.34491146852575805,-2.7560872316710316,1.1134601792091567,0.4517765247432242,-0.23053009337345381,-0.9912706748743052,-2.710949233927705,1.9006068334872994,0.08599649327105319,0.6199834703793137,-1.321952581835787,-1.026509290156516,-0.902419393215967,-0.7834108213807807,0.6676669093648195,2.6637972120176276,-1.6190222503712268,0.2886409361856257,-0.7746283760174063,-0.7884307329153091,-0.9519834253865265,-0.31839407334875813,0.3884432237669335,0.8115316315333836,0.7130037426919729,0.6333352235101972,-0.9717607332529378,-0.2764274179944417,0.35785628809182507,0.5600809805921614,-2.3386360597227913,0.5715736666012614,-0.36296208065343616,2.8626435291323657,-0.45057975738018596,-0.8486471978166263,0.6788306232004484,1.240609695968105,-0.13161762983864667,-0.2564992687484027,-0.1231769286579717,1.9040616023496622,-1.334778288014829,0.6777473509197858,-0.49563537601302754,-0.1013092270484906,0.5064284233297909,1.0828003485708568,0.05177805382789785,0.29446572165472296,0.6626086804755653
numHidden 	6
numGenes 	57
minGene 	-1.0
maxGene 	1.0
popSize 	100
maxEvaluations 	20000
mutateRate 	0.2
mutateChange 	0.5
seed 	1554382578309
random 	java.util.Random@1f17ae12
neuralNetworkClass 	class coursework.ExampleEvolutionaryAlgorithm
Training Set Training
Fitness 0.009173551934046644