2.097585030770249,-2.258932364864534,0.6374654755699746,1.3504977214058855,1.6140437103378709,-0.48605084858255176,1.4125548906105916,0.3867294867838117,1.1199470766734212,-0.2748525309765444,0.5594592303784649,3.6454186833699147,2.8007235165159265,0.19971990387082494,-0.3512544377904111,0.5669504480708262,-0.033512851513688546,1.543268768625019,1.246599892108431,2.7905368245739517,1.0435008180204361,2.1346150244646687,1.1276845486279177,3.9371494257328474,0.19867216894070455,-0.18309580896297206,0.3965557679771762,2.0918063598878796,-2.1158516965429794,1.2522517024261046,0.19360492740867186,-0.21854659048466102,1.1360933028404498,-1.4524685488439242,2.0018708723969496,-0.4970563930014288,-0.36716010081493466,-3.057875694269484,-0.2641498048675049,0.17661096568618828,1.5610269152413032,3.637717698093467,-1.2039131681835715,0.4593484197120449,1.0980195831663093,2.277339966690601,0.6445153616754711,-0.018002395864000875,1.1830536711330244,-0.6513043047963184,0.5006999933428358,2.6457579750468576,-0.733303863944571,3.425209618672578,1.5001932083571559,1.4921318481091084,0.7476611877346819
numHidden 	6
numGenes 	57
minGene 	-1.0
maxGene 	1.0
popSize 	100
maxEvaluations 	20000
mutateRate 	0.2
mutateChange 	0.5
seed 	1554384125114
random 	java.util.Random@1f17ae12
neuralNetworkClass 	class coursework.ExampleEvolutionaryAlgorithm
Training Set Training
Fitness 0.011479557488997462