2.578714936330871,-0.4655777086020928,0.7223951714045586,-1.2289281523127826,-1.5740951119444953,-2.0184374179035807,-2.2657439247470403,2.1854215018506533,2.0380285961764555,-2.6573920708236023,-0.836412623042726,-1.8148146778349754,2.6217282258530274,-0.4954673049746853,0.08338567687822623,0.3892212122570651,0.521372552817227,-1.4529478614111215,-2.597402951176794,1.5316517384349397,2.717779362683783,-0.4173880508264137,0.4147042586929481,-3.596409959832352,-0.38572371117399934,0.7492594614393115,0.7067725816491581,0.495402804681833,0.7706210958272942,-0.45950614622078945,-0.12330612462851115,-1.6228442557752927,-0.6003271534198963,-0.09192785304381451,-0.23791503726956775,0.2346083839330798,2.7031018401935145,-2.099621212665455,-0.43161243127528187,-0.8745992169996073,0.09016839628710505,1.859001736880268,-0.21604974312770353,-1.1179181216805545,0.18284826596503945,2.2477638966036855,1.3676165759108303,-0.652524072056408,-0.7769687121509345,-0.01121075369054192,-0.24826198429396779,-1.2072057749521308,0.9126098177696018,-1.8842270890948445,-0.751615505511812,-0.6121857565336486,1.8378887936692525
numHidden 	6
numGenes 	57
minGene 	-1.0
maxGene 	1.0
popSize 	100
maxEvaluations 	20000
mutateRate 	0.2
mutateChange 	0.5
seed 	1554382062554
random 	java.util.Random@1f17ae12
neuralNetworkClass 	class coursework.ExampleEvolutionaryAlgorithm
Training Set Training
Fitness 0.015610275671442795