2.3718324108450197,1.0658698629517558,-0.8789405705735692,1.4167114273689467,0.6141714436496885,2.6288102323085205,-1.2370331968687645,3.735378802093651,2.2048813379614165,-2.352887365959138,2.580078558858927,-0.47648590933309,1.2746376404876405,1.228796182375484,-0.7102979001140635,2.634274463339451,-0.5455737451806514,2.2985420036106263,1.0556973540539811,-0.8974243946802672,2.5894178153940866,0.9376519022893546,1.800244149376408,-0.7790112078591145,-1.1847277288304998,0.531607062973753,0.6874975433744793,0.7448750888260345,0.2073343227367183,1.5459950577848236,0.3625116932278898,-0.3784426410318902,-0.33713030498037766,-0.4124299494802419,0.002091599725036475,-0.1434102845129246,1.0849280392206513,-1.0763646124923447,2.8069039325013607,0.9297606870911641,-0.8311383955141889,0.5334086579403167,-0.6508631423973059,0.6716725849418964,2.4535747633393914,1.8621809002373235,-0.6760790148731644,0.7356448901588284,-0.2710708178018604,-0.4152854931970199,2.860006077792835,1.3175040562709752,-0.23351318613894678,0.7811882190083465,-0.21453321589251068,-0.060085814501716794,0.21741431846539522
numHidden 	6
numGenes 	57
minGene 	-1.0
maxGene 	1.0
popSize 	100
maxEvaluations 	20000
mutateRate 	0.2
mutateChange 	0.5
seed 	1554382703834
random 	java.util.Random@1f17ae12
neuralNetworkClass 	class coursework.ExampleEvolutionaryAlgorithm
Training Set Training
Fitness 0.008712595233630209