1.1977897938815252,1.4280055668653264,1.833704821644094,-3.015220163610567,-1.1831870043746973,-5.213147041645553,-4.418737556215306,-0.4636057392529356,-4.387074629542937,2.5559741313997257,0.31554398662349215,0.06152369027996407,1.3409968920199136,0.6056735067114474,-0.5001576993809744,0.49413908221759417,1.3597969081963903,-3.670613992182764,1.7898446085771962,-3.981592468980172,-3.2485620168738407,0.8232905413736664,-3.767892985462413,0.12802711746309647,-2.5100351538491377,3.3079189214392715,-1.3457447924730883,0.73498535486757,-2.7140940795207253,2.1574753210413826,-0.3997252801113369,0.4919201303173142,1.01446845825338,-3.891649571574945,0.5691048310597422,-0.5531460978333413,0.04350334527491784,0.29521474035972206,-3.908805440335284,0.3439624517192259,-2.427752640064667,-3.124915492222377,3.1651507591538692,-0.4754041240553968,-3.133289005629246,-1.3327303317413737,-2.3820367302736876,0.19457926101557277,-1.6033391816849276,-1.399177436084849,-1.1136141827077528,0.26399405543914156,3.903612104845603,-0.7025485220203973,0.5852583215502145,-0.21098339094049523,-1.6860865654534072
numHidden 	6
numGenes 	57
minGene 	-3.0
maxGene 	3.0
popSize 	100
maxEvaluations 	20000
mutateRate 	0.2
mutateChange 	0.5
seed 	1554312231270
random 	java.util.Random@1f17ae12
neuralNetworkClass 	class coursework.ExampleEvolutionaryAlgorithm
Training Set Training
Fitness 0.09159619998631174