0.07167663835885119,0.045730988485527924,-0.9407370325535365,-2.7253934229155767,-1.389879579853599,4.867002911324513,-3.031724612017933,-4.3177331376651935,-2.9939852780147773,-0.6491400879358002,-2.0665137532074196,-0.1922379537120249,2.9710341125495745,-0.6122761261965439,-1.3101781849391774,2.12985971683852,-0.7040336962381557,3.310214281253735,1.756396040826667,-3.6599687661186193,-1.152909418591574,-2.7040884318573974,1.2091467323449345,-1.2338420953086118,-2.3718468327160114,2.2529410966320196,0.09225137431352959,-4.30066912019871,-1.5047107777329858,-1.5524549839986488,-2.806424210553387,0.43841526869376635,-0.26147094483192745,3.8703351484191986,4.350658281268807,-0.15443796700664159,-3.4329574519776314,-1.1748556339810037,-0.6233872892126824,1.3173167097138538,-0.8900945251641019,-4.70534620722084,0.03188405078855139,1.3445106350704688,1.8836343069948844,-2.2999040626895026,-1.7392772038877302,3.3688208078604482,2.275620337018748,-1.4264597915607902,-0.2463428301561299,0.8983223018287783,-4.134338245479193,-0.8263289494082757,3.5292836968230024,1.6019456256464508,-2.9716399766270243
numHidden 	6
numGenes 	57
minGene 	-3.0
maxGene 	3.0
popSize 	100
maxEvaluations 	20000
mutateRate 	0.2
mutateChange 	0.5
seed 	1554312153154
random 	java.util.Random@1f17ae12
neuralNetworkClass 	class coursework.ExampleEvolutionaryAlgorithm
Training Set Training
Fitness 0.09872571247379405