-3.6371095051210016,2.8016591669996282,-4.4258170755843,-1.2632179159465267,2.5402051758945454,-1.6266016913474663,-2.9965676643974835,0.45030720896327026,0.26662674861782465,-1.5838595542584288,-0.879794855711129,2.9956220840561443,-2.907950077002022,1.641509083936172,0.04079107806356408,-2.864557029019467,-0.7096176954362972,-1.046204270221918,-1.9476869595305837,-1.0537729013435913,1.164983013770824,1.1364118640755239,-2.0790054893942647,3.63192312371742,0.3698487210852015,3.6159631123800917,-0.39626274927260896,0.08723487463123991,-2.534632440000573,-0.9745967573596337,3.2329910717467545,-3.7781234820019023,0.5734680057910504,0.7967791561011865,0.13217511051769737,0.639569983303053,2.137570882435843,0.368306928189603,-1.7030715829665073,-1.7271673733969264,-3.984053715868553,0.6135502810458089,-2.17508404507192,-0.04574168504199383,-0.860563336359857,-3.708140795661933,-1.322142445376027,-1.1795077949287043,2.0661099058550514,1.6506761403528456,1.6134686994373726,-3.689666744017642,1.2110346363074962,5.494374822044864,0.6582878143626338,-0.13063625328186212,-0.378334308464102
numHidden 	6
numGenes 	57
minGene 	-3.0
maxGene 	3.0
popSize 	100
maxEvaluations 	20000
mutateRate 	0.2
mutateChange 	0.5
seed 	1554311830616
random 	java.util.Random@1f17ae12
neuralNetworkClass 	class coursework.ExampleEvolutionaryAlgorithm
Training Set Training
Fitness 0.06340040683265646