-4.469488312280012,-2.5171931086817914,0.7390973069506428,-2.3009628633465926,-0.7019237819538766,1.9846307527457654,-2.4356939544197673,3.2561568273576205,-1.8999858589443495,-1.2167700740763832,1.2304200623403752,-1.6595498488968876,0.27616131826599233,-4.4170525018850215,0.9187876303212681,-6.704515766868493,3.2348669041919482,-2.258581490229721,-2.3713498670693127,0.6021785663714443,2.0113303293814244,-1.7863426886138294,3.5945682685153812,2.150940719100076,3.1215248381954304,0.6007522194482862,2.13684090826108,-2.6116654228165324,-1.4275654771920625,2.009195844639236,-0.4428600493253825,-0.6463837634825809,-0.06758542496092934,1.143599189179426,-0.4433357247083549,-0.3154113348790295,0.8673858363723763,-0.035568072710083776,-1.3817514246872042,-2.495637762647524,3.2305544434106155,2.623604130671569,2.2681287547164244,2.103113905976694,0.9184351157947428,-1.9032461481709335,2.4003584976444197,-0.9136447050812693,3.9493749950649217,1.682460936125084,3.327675237864362,3.1415303471546476,0.6063651076786831,-0.4845741892653721,2.944164961160414,0.5803412865667195,2.795759251140667
numHidden 	6
numGenes 	57
minGene 	-3.0
maxGene 	3.0
popSize 	100
maxEvaluations 	20000
mutateRate 	0.2
mutateChange 	0.5
seed 	1554312021555
random 	java.util.Random@1f17ae12
neuralNetworkClass 	class coursework.ExampleEvolutionaryAlgorithm
Training Set Training
Fitness 0.005735770346342226