1.6260814017465988,-0.6845781989060318,-3.23521768045359,2.7154689517035706,-0.7978968357978875,-1.1222766760409368,-5.288318332761292,0.5010903064259828,-3.9970547661286937,-0.07943828153985022,3.62178259713108,-1.857745612447495,4.481163692125202,-1.471585715382667,0.17818651226430227,0.2628632102256594,1.6762853445562431,-3.1834916363998067,-0.328119769067281,-0.49081275523942347,-3.2410937786144753,-3.516994899512029,-0.2168134618416957,-3.325072929186848,0.2733300884163352,-4.213921492064432,0.6609632783229777,-2.108408655678939,1.619648190093851,-0.08872516638325845,0.06151626491467699,1.4549885904194308,0.2799498505803202,0.4482227648266326,1.405805752778769,-0.5923547473651389,4.087675966091819,-2.658377331768519,-0.7087344092857748,-2.340928238509989,1.3606091121762165,-0.5626958875248871,-1.640218667731145,-0.7245940109864666,-2.5730161923023074,0.18749921342735698,-3.0238839324841758,-2.8929238755238975,-1.529323571083009,-1.2896606533626787,0.4112999712517098,-1.8522694183847044,1.2054282705059576,-1.2830587296163305,2.672020662760154,1.3500324950408,0.6595311851949508
numHidden 	6
numGenes 	57
minGene 	-3.0
maxGene 	3.0
popSize 	100
maxEvaluations 	20000
mutateRate 	0.2
mutateChange 	0.5
seed 	1554312324472
random 	java.util.Random@1f17ae12
neuralNetworkClass 	class coursework.ExampleEvolutionaryAlgorithm
Training Set Training
Fitness 0.012658074213937553