3.240297512375456,0.9374887186159309,-1.186578887034849,-1.105527079190555,-3.1623224510657844,1.6125598839677195,4.41135431429029,-0.8945658852964198,5.081894007769154,3.407452535999786,-3.5641876561101733,2.18535062177891,1.2962437170718069,-2.259538956555169,-1.6895529605108703,-1.3770154014477294,-1.6842954056810244,-1.2442245522289372,0.9457086224060807,-2.530206831466037,4.693947563279098,1.8788471560366533,-1.3966807753673147,-0.8152704849817449,-3.041388485860389,-1.7320003298964464,-1.134099379981009,1.5977884714339776,0.9059296859409454,1.550227855122209,0.42500363823957876,2.391256297717031,-0.3611766581971869,-5.813677530114968,0.34165292281566195,-2.109465285896623,-0.2347035345614028,-4.412927585457027,2.89047493848991,-1.314421586638307,-1.3683192755989395,0.6830414342378777,-3.3050467752119577,1.1773647574130366,4.027052091985315,-0.9731644982881305,-1.0237332772868077,-0.5410212710049032,-2.280571935912124,0.42008944530146297,-1.0903265525359997,1.3770218257503455,-0.3586050295208403,-0.6528193534723421,1.0455208896350392,1.342382081875514,-1.8647223351102964
numHidden 	6
numGenes 	57
minGene 	-3.0
maxGene 	3.0
popSize 	100
maxEvaluations 	20000
mutateRate 	0.2
mutateChange 	0.5
seed 	1554311921641
random 	java.util.Random@1f17ae12
neuralNetworkClass 	class coursework.ExampleEvolutionaryAlgorithm
Training Set Training
Fitness 0.024164627161183755