0.35176564401571353,0.668889799704032,-0.06423265853168836,-0.018311956546070318,1.8024070649128419,0.9702587335770607,2.5778294574839737,1.5464887375384198,-0.952214634711519,-0.10990889271426241,-0.004721197077039552,-0.3994673154634807,-1.7277563428285116,0.15618653349216416,-4.110393034489577,-3.7623430820886288,6.417052905514079,0.056067694529675194,2.360139681599261,-0.860862927094562,-0.6502509521083704,-2.204503365414419,-0.8342099753512473,0.6809527856993394,-0.7498087115894223,2.128662870164325,2.3634115056472034,3.7703009261119362,-2.957338598200921,0.5277726608806681,-0.6138323393497425,-0.17580355180636476,4.4923133738737,2.3467444530024766,-2.079746283233567,2.8593382135340315,-0.676665165483219,-0.15434701989279231,3.670731428880311,4.066714718478213,0.16735175430240412,-1.6843965671376768,2.2771581846282425,2.5862200674942706,1.5392829899033211,-1.1457307944441704,0.7471109020145414,1.4758470887155966,-1.6359815770205648,2.090372321056276,2.820633569716385,0.08682450877648806,2.340972417853763,-0.15906865551266414,0.1610515269826429,1.4987742075854484,1.2052518129397214
numHidden 	6
numGenes 	57
minGene 	-3.0
maxGene 	3.0
popSize 	100
maxEvaluations 	20000
mutateRate 	0.2
mutateChange 	0.5
seed 	1554312779177
random 	java.util.Random@1f17ae12
neuralNetworkClass 	class coursework.ExampleEvolutionaryAlgorithm
Training Set Training
Fitness 0.12520656457920826