-3.5166716342256112,-1.293285151368907,0.9858083838920995,-2.276231524009648,-1.4943069646828107,-2.1977672885017223,-2.0625403365855854,2.7646615984688454,2.3787567358248927,2.556823391844178,-2.7377521232279802,2.6430388696482954,0.7041622785706312,0.835910961405683,0.8423161240300012,-2.03482030627281,-1.9193424533682912,-1.3798257767981683,2.338908135056493,-1.9244728077228928,-0.45639270733554366,0.991154052040421,-1.5326543598328843,-0.4161555821023274,2.1590930000266857,1.3941923628312372,0.8851143718580836,2.490331876739435,-0.49173485469403816,-0.3756699948582419,0.46547921518536045,2.714591280659251,-1.1629942755757268,0.6002468852240084,0.8604838682287732,-2.1054089528701114,0.18843238741901297,-1.9992398614247013,2.756042461338831,-1.8313555779520456,-1.5098278805617684,2.2445796359114016,0.8282023602001731,1.9055517728237485,-2.9095854432287753,2.954289311499976,-0.8692422768239544,1.2010769034351982
numHidden 	5
numGenes 	48
minGene 	-3.0
maxGene 	3.0
popSize 	200
maxEvaluations 	20000
mutateRate 	0.2
mutateChange 	0.05
seed 	1554474150115
random 	java.util.Random@1f17ae12
neuralNetworkClass 	class coursework.ExampleEvolutionaryAlgorithm
Training Set Training
Fitness 0.10048911975667929