2.6443689312040872,0.341960180261081,-0.15556849638649375,1.2299833109522618,2.83154699282906,2.430688110780099,2.8216232345482632,-0.30445175806617253,-2.186163514995684,-0.514061959580604,1.1967097647337077,0.705217570241778,2.4235059467101143,0.6872564432255837,1.228104281910943,1.8630562145361673,2.671455983569193,-0.7022529114174074,-2.2561581528359476,-2.6918910285192763,-3.225624332389397,-1.7604638682260105,2.920117031000074,-1.5808587797707463,-2.481153198376602,2.672221940672417,-0.5556892586325756,2.2046462751945857,-0.6137525220551476,0.4600670009330275,-0.41744397025658475,0.16371563504277747,2.161375273272517,-0.5680589285361917,-2.308926975677882,3.044522595957691,-0.22387838401208687,-0.6042587825820966,1.9167654992841658,0.6991188801955824,1.6616369767715076,-0.10753784731469444,1.8738444338954456,-1.552441387096932,-2.2315182102136712,1.0403248340174376,1.3252863695453412,-2.5249363327973455
numHidden 	5
numGenes 	48
minGene 	-3.0
maxGene 	3.0
popSize 	200
maxEvaluations 	20000
mutateRate 	0.2
mutateChange 	0.05
seed 	1554474058140
random 	java.util.Random@1f17ae12
neuralNetworkClass 	class coursework.ExampleEvolutionaryAlgorithm
Training Set Training
Fitness 0.0708444444960494