0.13572468675940225,1.6012436043816223,-3.0164189985479712,-2.23706729382393,-2.9955560080494577,-1.9231115753891028,-1.9473965973078238,0.35333246714224203,-2.9476671103866616,-2.8564045677055327,0.8710268583344134,-0.733554796053498,-3.0021646535698223,1.8599997054592763,0.6875232093240677,-2.177268551820086,1.9984364291456467,1.657303681035149,-1.0112113081001972,-2.1937064751762643,-0.1977512378808008,2.680864520850589,2.2309644736318566,0.9889579008156248,1.6444694331935688,-0.7787002386225241,0.4628440276832651,-2.213004179376793,1.037880070830081,-0.28207335695408414,2.114880177614916,-1.227425026360926,0.15523423453741414,-1.3925510729686628,-1.3340235686081436,-2.8369345949979596,-1.9803410558207184,-0.6269551104239943,0.2388177211223021,-1.8356309208778931,1.8727410774967748,-1.7007063215793727,1.5390374859441867,-0.044129015874060235,-2.343843859524563,2.108339398178731,3.141921224982114,-0.8301769707638667
numHidden 	5
numGenes 	48
minGene 	-3.0
maxGene 	3.0
popSize 	200
maxEvaluations 	20000
mutateRate 	0.2
mutateChange 	0.05
seed 	1554473641538
random 	java.util.Random@1f17ae12
neuralNetworkClass 	class coursework.ExampleEvolutionaryAlgorithm
Training Set Training
Fitness 0.11357430151919426