-1.791271125961879,1.7714050046698524,-2.7114682128711864,2.719379541944739,-1.3949039305839313,-2.6687445643113197,2.9747071681047954,2.428193665433457,-0.8050190006507454,-1.5301045920601206,-1.6588085678626054,1.7817103259924358,0.3377244181808073,-0.7054970725339063,-2.5331055003879586,1.6730305909451557,3.186505730686701,2.2345959774628446,1.4959254664403285,0.3405678388219789,-2.0523114359923627,-0.9346385701516449,2.685777794066013,2.010248869435891,1.0788106867923972,-2.154981333369302,-0.7707205768430243,2.1925924166331328,-0.19531573476323655,-0.3813999461266636,0.35162496210727445,-0.15207209821288903,-0.30788895164632335,-0.6291912769526247,2.397621796931335,2.2004319880178915,1.788653011594209,2.251135170906238,2.770791396717807,1.4037409000710142,-2.153854058949874,-0.5922619076631344,0.5016279916099765,1.9395401035278301,1.1821532383270474,1.904880256792786,1.1857540910532334,-1.8754146441336115
numHidden 	5
numGenes 	48
minGene 	-3.0
maxGene 	3.0
popSize 	200
maxEvaluations 	20000
mutateRate 	0.2
mutateChange 	0.05
seed 	1554473517546
random 	java.util.Random@1f17ae12
neuralNetworkClass 	class coursework.ExampleEvolutionaryAlgorithm
Training Set Training
Fitness 0.09849949414861194