-1.8847048905526618,-2.954086136751986,1.6423850191782357,-2.1724768296933297,-2.082739105788349,1.8121880188875488,-2.028786029717061,2.0216596187667784,2.4896861333517597,-2.890993166009756,0.8289857575542354,-0.06762093235598376,-2.682590662923912,-2.189148885970484,-0.801070744563047,0.728463610314568,1.391467655371219,0.07253386998313555,2.195029192080937,2.0157867413008015,-1.0205525191241922,-1.1874891368009852,-1.2869344469274762,-0.7888534656180934,2.3619315175733,-0.8927702303025458,2.764822225733057,-1.739745254888006,-0.8445173682061238,0.32259485058068416,2.325093578058236,1.0521518442110038,2.777300011727915,-2.3247120669684502,2.0072418954490345,0.7167975814970405,-1.3725013866793538,2.1631941847051492,1.4533878970385372,-3.0540995205790606,1.2471587725443676,0.4988585841831757,-0.8589205398983621,-0.31256950224084185,-2.7058288124044867,1.4470975507294266,2.579687611185552,2.2151971900035248
numHidden 	5
numGenes 	48
minGene 	-3.0
maxGene 	3.0
popSize 	200
maxEvaluations 	20000
mutateRate 	0.2
mutateChange 	0.05
seed 	1554473793236
random 	java.util.Random@1f17ae12
neuralNetworkClass 	class coursework.ExampleEvolutionaryAlgorithm
Training Set Training
Fitness 0.06222479912031218