1.6047549326867143,-0.3534670011839332,0.6332009190595247,-2.969643395102665,1.726295654795697,1.0357805305222514,-0.28300299758678543,-1.8820511443896624,2.756523621084786,2.4896377500968665,0.02256494369020627,0.3049822416986198,-2.712674323863386,-1.6638296708753735,-0.972325589861947,0.215899575344343,-1.6264845400570798,-2.7187487112901554,0.8366596137760518,1.6268093716928678,-0.11079160986349405,2.6178516324143235,-2.2204071402524166,-2.327670096578297,-2.145571518905852,-1.552910204029886,-1.9248394447207022,2.2303859483645816,-0.046277781014100766,2.0023593556781254,-0.4700402275517063,-0.5582900596802627,2.111055771374188,-0.25758385446058246,-2.5486839544825037,-2.5873454393210658,-0.563102858915685,2.99987269287303,-1.2043410008815187,-2.410959916814951,2.2529589244854513,1.986500379661441,-2.3198352047817687,-0.3354914089116825,0.5900436586217461,2.9425024009901026,2.7451679684414634,0.24462064838190678
numHidden 	5
numGenes 	48
minGene 	-3.0
maxGene 	3.0
popSize 	200
maxEvaluations 	20000
mutateRate 	0.2
mutateChange 	0.05
seed 	1554473429394
random 	java.util.Random@1f17ae12
neuralNetworkClass 	class coursework.ExampleEvolutionaryAlgorithm
Training Set Training
Fitness 0.08902602467457495