2.2201642413456577,0.6366116620357605,1.3466833768850406,-0.1819048528771388,0.23919030637329763,-2.3825400418189124,2.9473411054876326,-2.4293583966865686,2.408463955400877,-1.1687103229793483,-2.469910183815282,0.47085259340405766,1.7370726850945901,-3.432530344077639,-1.2589585335132727,1.4967521155559058,-0.906579238291584,-0.38187931656578916,1.40412844260515,-0.890337107923937,-2.555502171552412,-2.6843876594360543,2.0110152057586426,-2.41926240622286,0.14415428900415,-1.0085912856081327,-0.8044072252310333,1.8669973309659498,-1.0776036020016588,-2.4805417503913176,1.2329638973820034,-0.5227931453844137,-2.2423665299387006,-0.626217439269523,-2.0753203677420764,1.9518192616804209,1.562058370324508,0.5431619026855303,-0.2447152207838867,-0.412128767794269,-1.4931945803206361,3.064628930676953,-2.905448591270723,-1.4995619105016333,-1.7985489925172924,0.40274586860327233,3.0137131877217964,-1.62354034547103
numHidden 	5
numGenes 	48
minGene 	-3.0
maxGene 	3.0
popSize 	200
maxEvaluations 	20000
mutateRate 	0.2
mutateChange 	0.05
seed 	1554473888738
random 	java.util.Random@1f17ae12
neuralNetworkClass 	class coursework.ExampleEvolutionaryAlgorithm
Training Set Training
Fitness 0.1255129043712075