0.45847670734813184,-2.3153772002146225,-1.1408117768314585,0.15410670183273129,1.2333460316241975,-2.960563657800011,-0.0518299016117731,-2.040676331838906,0.748148987743352,-1.5173652027521949,-1.564987277310274,-0.010156903699203565,-1.3150942650237705,2.514999921332125,-1.1659054931723927,-1.9471333534280695,-0.26704572858669184,2.480962707017401,-0.6831065245303911,-0.09872913809046562,1.798285746126328,1.5941690461328355,-2.1010335972734677,0.2944392393344282,1.7562980942587618,0.7444324485550444,2.693136817056809,1.9923311082111184,0.058977298564462724,3.033246492560295,-1.1152251859650413,2.758807457521389,-2.114933587316971,0.8867715345357929,1.195912454070263,2.227120059261961,-2.110771171329847,1.0004143293254628,-0.1468472491913686,1.5417239447264681,1.375129024029749,-1.3311512955392668,1.8106771648713769,1.8011511169423744,1.6927778106068736,-1.294444223871631,1.4109456489065906,-2.627743994372641
numHidden 	5
numGenes 	48
minGene 	-3.0
maxGene 	3.0
popSize 	200
maxEvaluations 	20000
mutateRate 	0.01
mutateChange 	0.05
seed 	1554402529216
random 	java.util.Random@1f17ae12
neuralNetworkClass 	class coursework.ExampleEvolutionaryAlgorithm
Training Set Training
Fitness 0.11348207990595678