1.314233165606589,2.738994278736362,-1.5421465989328864,1.523966047798232,2.349301872332296,-0.7531455361448498,1.4768099459401292,-2.8013184627017695,1.0059999633336174,-0.254666168097822,2.295630603771671,0.06816837133144915,-1.2952931435508357,2.327527922380388,-0.30424745726661956,2.187134475134002,0.7007372384855475,-2.896751931322033,-1.5256341301295837,-2.316236714709561,2.3017102286825066,2.06199368869819,0.025256600514917335,-1.72286635538103,-2.3311936669713127,-1.695577559662886,1.1281861110016154,0.5310307768655267,-0.2595729745780613,2.3430221695101396,2.6564686836254428,0.6530616002771916,-2.768885745714566,0.5416208999210443,-2.5580438117391964,-1.6982957096466336,0.8343683149642411,0.9715517967275622,-2.674382419846885,0.6132011871120877,-1.4292017325939927,-0.4762310234860248,1.2396550844279703,0.05549920395525758,-0.295092752941908,0.5216022992906568,2.350411485570409,-0.04188523188666693
numHidden 	5
numGenes 	48
minGene 	-3.0
maxGene 	3.0
popSize 	200
maxEvaluations 	20000
mutateRate 	0.01
mutateChange 	0.05
seed 	1554402272833
random 	java.util.Random@1f17ae12
neuralNetworkClass 	class coursework.ExampleEvolutionaryAlgorithm
Training Set Training
Fitness 0.019544050980321713