1.289776362762824,-2.4171228530133946,0.9369152211959026,-0.7041826881037967,1.795396518197417,1.5578953411017,2.62665930918668,-2.8490829686620582,-0.6678391679229976,1.7527017694852105,-1.156519378123136,-2.8876207267385015,1.0259347343061076,0.3697381415993064,2.619655931648932,2.605685369957743,-1.7363069267876692,-2.959669868319096,-0.42832545991509363,2.8095367135449587,-1.1816709485094061,0.2555312781356225,-0.2636976239442417,2.897133893752546,-0.5335849906701554,0.5555975515345564,2.5252860020801693,0.414832396000441,2.5922528557821627,-1.075300512225269,-1.0573936462378168,2.1604054334206158,2.095692638612494,-0.013914017203261242,0.42929733832050454,-0.436471555858704,1.9164751032531193,1.3789591819040616,-2.825375768274977,0.5191256813836435,1.853049331229367,-2.800210396939053,1.398779867275632,0.5738946442567339,1.7261876286578453,2.188760021846191,1.7121773894439682,2.315043225356476
numHidden 	5
numGenes 	48
minGene 	-3.0
maxGene 	3.0
popSize 	200
maxEvaluations 	20000
mutateRate 	0.01
mutateChange 	0.05
seed 	1554402752402
random 	java.util.Random@1f17ae12
neuralNetworkClass 	class coursework.ExampleEvolutionaryAlgorithm
Training Set Training
Fitness 0.11376999237103824