-1.3137041090440542,1.0908068776652338,0.8281013357903384,-2.756404516750603,1.3753041166719988,-1.6654467553505123,-2.911046337460359,1.2273009827930974,2.530683098566495,1.236965001610466,1.7602438009328278,0.8017930793889967,-0.5440863300253047,0.8741896220147956,1.730276745525389,-1.777893221107418,2.6295495856522875,2.505092725937585,1.8787778699628568,-0.6353204433391975,0.8992192708198516,-0.4191840404095428,0.2941855926472649,-2.776622677431991,2.253547928985337,1.0398051885857,0.7860355221320292,-2.8993119357348216,1.4787757707791283,2.66434699479868,-1.3348656556297738,2.9758684385671748,-1.7926819209778297,0.16978632072977007,-0.18408961833965581,1.1598940845083838,-0.06342448969215475,-1.0509153134972284,-2.9314188533965666,-0.5049863662308787,2.1682729530671017,2.035889936572392,1.104684363331959,1.1706618660796169,0.40984651840022046,1.6313760330427547,1.4288480165648938,-2.691426745493353
numHidden 	5
numGenes 	48
minGene 	-3.0
maxGene 	3.0
popSize 	200
maxEvaluations 	20000
mutateRate 	0.01
mutateChange 	0.05
seed 	1554402195570
random 	java.util.Random@1f17ae12
neuralNetworkClass 	class coursework.ExampleEvolutionaryAlgorithm
Training Set Training
Fitness 0.13022974950146243