0.04418505100526052,1.760340243931975,-0.1837930062511326,-1.921083823888696,1.562815646399768,0.34429543655659706,2.55528821624816,-1.3214131209547315,2.6351035720175373,-1.0983587531092973,1.5702186210501097,1.1482039589431796,0.9841059122856561,1.6938485866068484,-0.2846786275212178,0.36931527838551004,-0.3702216128229905,-2.4015744388120135,1.5488392654134213,0.9391809585282966,0.45669397220733293,-0.9549009113783526,2.767848591112351,-2.8274355529646034,-2.141254150638564,-0.9318775564709643,-0.8597299173539978,0.2421825532192921,-0.6327764006153425,2.9570461814824274,-2.2949665245923545,-2.5891518905571207,-2.2319629449953657,-1.9876392937013472,-2.7973172629615455,1.1469828177363934,2.6674116091816797,1.3641554897447994,-1.9391397042065603,2.4865325692389986,-1.1639217624064804,2.602880584118757,-0.04145397163999798,-1.5198027297597665,0.4749964627158789,2.203016582459367,-0.15045695990615826,1.3234844033137039
numHidden 	5
numGenes 	48
minGene 	-3.0
maxGene 	3.0
popSize 	200
maxEvaluations 	20000
mutateRate 	0.01
mutateChange 	0.05
seed 	1554402903094
random 	java.util.Random@1f17ae12
neuralNetworkClass 	class coursework.ExampleEvolutionaryAlgorithm
Training Set Training
Fitness 0.10534883095790112