0.6644206655934608,1.373371339667862,-2.385210630262206,0.6076746407574587,-2.480282356389081,2.479385455456125,-0.6981503852662576,2.1048710388386334,-1.8692791314468764,-0.23935614254713855,-2.3824899737613707,0.8367426870561623,-1.666089561373295,-1.503365111659655,-2.6234377034170246,0.17243629932054994,-1.0015473937897257,-2.056863806138547,-1.880281013314688,-0.41602471665928425,-1.8594764852242174,1.7669084239018602,-2.098398391977921,0.322897342074383,-1.339264056626325,-1.1929638115945789,0.4775957848554839,2.4691271472390595,-0.11377398630181305,-0.06999235620987942,-0.18612891207645027,-1.7256598428389185,2.6002232160117478,-0.8691834977346558,-0.4342354860492116,-2.3752777646192245,-1.583852016582026,-0.9827683792017314,0.44123913767842265,0.5410387156430623,-1.6356792494465702,-2.023947955963753,-2.5418513729628316,2.97752208016559,-2.8223640226952513,1.1418293374678405,2.095572425394306,1.0634713288859607
numHidden 	5
numGenes 	48
minGene 	-3.0
maxGene 	3.0
popSize 	200
maxEvaluations 	20000
mutateRate 	0.01
mutateChange 	0.05
seed 	1554402601443
random 	java.util.Random@1f17ae12
neuralNetworkClass 	class coursework.ExampleEvolutionaryAlgorithm
Training Set Training
Fitness 0.062228448896186894