0.8547281940001958,-2.3976767832409704,0.5148100446378663,1.3727932924551993,2.9606227949708064,0.5952597729652656,-0.45363089928596967,2.953923481414754,2.1563587030164344,-0.08681244024504746,1.333916462646923,-0.6917863726024709,0.5779968228517693,0.19712754510396585,-2.67113442919337,0.30990931649675557,-1.8279765514679702,2.3762834597060296,2.332370315571259,-0.5589460102172161,-0.5467718668041626,0.7766418529074466,-2.4826230397245235,2.235142595068787,2.0988388561548614,1.1018652607208694,-1.972726320270635,-0.09756265622477578,2.5622991604609444,2.046397549495226,2.545842166171645,1.1229791636933015,-0.7233480388352016,-2.4567429630182436,1.737456032690707,0.9685196314728659,-2.359148846182487,-1.317675959664504,2.616954535951124,2.3452005059451295,1.7772943786132664,0.27798630036713234,0.43112240471896923,-1.5131110211338301,1.4051110707803456,-2.16559487167231,2.4899604127636596,-0.2452365693049769
numHidden 	5
numGenes 	48
minGene 	-3.0
maxGene 	3.0
popSize 	200
maxEvaluations 	20000
mutateRate 	0.01
mutateChange 	0.05
seed 	1554461065007
random 	java.util.Random@1f17ae12
neuralNetworkClass 	class coursework.ExampleEvolutionaryAlgorithm
Training Set Training
Fitness 0.13110182364100997