0.886852258178626,-1.0270159771608227,2.740369216670704,-1.0163340496707542,1.4326004878747804,2.5501884023236565,1.4925659142352223,2.614522096574529,2.2019634584956744,-2.429097804293357,-2.2994669031497486,-0.43101443517950955,1.9246365050212293,2.4094629477323126,2.2732896031124805,-2.3318692269206336,2.6468357134371816,0.1156362935963859,-2.9739683208330074,0.2871981891026086,-2.128304439768356,-0.4530024233015002,-0.48653402975303983,-0.278106242058607,0.8305736613109611,2.0675088072036854,-0.5088762300722836,-1.0921258396607763,3.0100643762153956,1.3606847778568887,0.08678378847879424,-0.09812092514447705,2.083750499738353,1.3193639847736367,-2.5129902943739295,0.5775285087507365,2.3851871026393052,-1.6831935904878017,-0.788623017906317,-0.26542097256216984,1.15838937365434,0.43089791018869245,1.3425409396883647,-2.109911726088132,-2.24883778787522,1.3288646842105394,-1.2955386540204024,-0.9874591325908288
numHidden 	5
numGenes 	48
minGene 	-3.0
maxGene 	3.0
popSize 	200
maxEvaluations 	20000
mutateRate 	0.01
mutateChange 	0.05
seed 	1554460986638
random 	java.util.Random@1f17ae12
neuralNetworkClass 	class coursework.ExampleEvolutionaryAlgorithm
Training Set Training
Fitness 0.042349590050818786