2.0489817278947102,2.3557029271531427,2.42503782223766,0.52097087743801,0.8194861409417276,-1.7617363875555205,2.5488525445564463,-0.7925519345348564,-1.2238911624768005,-2.9138209284906953,1.3193224344042478,-1.275120218032264,2.674759796449665,2.2506051170536,-2.2064084212892827,-2.456006648109748,2.2642299530031034,1.8558098348434926,-2.6861037373129433,-2.846916940625487,-0.8954666241461862,-2.214176529765167,-0.008896708900463499,1.4472991042705008,1.068619949232417,1.7964375522461644,-0.4238351834928542,1.9185726190476853,-1.3255145257493408,0.7161212185088703,0.46118316707104406,-2.40669898063699,-0.4941699050905335,2.38057290287997,-1.8122386249428417,1.6259481103366724,0.8843226973322214,-2.548249057482931,0.23354321240480225,1.8618647859618598,-1.1145695213758113,-2.3356999977073505,-1.4703361855439339,0.1752016771400493,-2.8653194088079292,1.9659974887288676,2.9069236950255535,1.6722111409264677
numHidden 	5
numGenes 	48
minGene 	-3.0
maxGene 	3.0
popSize 	200
maxEvaluations 	20000
mutateRate 	0.01
mutateChange 	0.05
seed 	1554460461319
random 	java.util.Random@1f17ae12
neuralNetworkClass 	class coursework.ExampleEvolutionaryAlgorithm
Training Set Training
Fitness 0.052007835616476386