-0.6823302483203226,0.6324347470028915,1.3851169548223656,2.2610389935494632,-1.569734783889078,2.8395007741417535,-2.0379254175703765,-1.8542603767545385,-0.5573061583985277,-1.2281632784899748,-1.1559184435336096,2.7151160150661706,-2.2648200879372604,1.1504706097926436,-0.589779385515136,1.3352040493833135,-1.3729340183251386,1.6134316702905418,-2.2125471371669585,-2.654162407828777,-0.6567837028151327,2.752010082843502,-2.890678487348124,0.6565410325208194,2.374202042547994,-0.0489747413219888,2.6804014936497857,-0.8506562852932731,1.740188940966426,0.03269556469558488,-2.8024637375478774,-1.524392873587204,2.1070087263655797,-0.52236418494954,3.01746115776214,-1.979917853873043,-1.64230676636073,0.28088536342470444,-2.8530331235718274,2.754584336883261,-0.33548785640619316,1.8963201682337294,-2.78332616719097,1.5294931447042341,-1.93421779550702,0.5426900850207326,0.8851934317274122,-2.870987387211446
numHidden 	5
numGenes 	48
minGene 	-3.0
maxGene 	3.0
popSize 	200
maxEvaluations 	20000
mutateRate 	0.01
mutateChange 	0.05
seed 	1554460614140
random 	java.util.Random@1f17ae12
neuralNetworkClass 	class coursework.ExampleEvolutionaryAlgorithm
Training Set Training
Fitness 0.11245037245403411