-1.1179514262350345,1.0867119030733519,0.5833235347459034,0.7683147039354268,-2.474952945687127,-2.9802521494979546,-0.9645707525322909,2.1900443113465924,0.40839507468268027,-2.1066656925204086,-2.97547714591275,-0.2446019299015164,-1.8789017120625302,2.309328093609593,-2.3116960673002014,0.9154997633941422,-2.1852052158649116,-2.8394987423644613,1.6532676672661886,-0.8292904767776337,-0.4312315804457736,-0.5178651582151215,0.9743234093064741,2.854390430221927,1.236895565541026,-2.660361366153686,0.008460239166841799,2.4665145876391,2.319860568522243,2.082087058709951,-2.216549698708592,0.22182016727411397,-1.15066111128356,1.6137920788539706,1.1425646279325976,-2.4489753115294564,-0.8154976068676507,-2.610971283293283,1.9753016762331121,-0.6566517726066785,1.6495858961467336,-1.2329660947475911,1.2601965906370305,0.42579157258553124,-2.5516045952638624,1.862002282264028,2.8076801498912047,-0.30123251987778765
numHidden 	5
numGenes 	48
minGene 	-3.0
maxGene 	3.0
popSize 	200
maxEvaluations 	20000
mutateRate 	0.01
mutateChange 	0.05
seed 	1554460833776
random 	java.util.Random@1f17ae12
neuralNetworkClass 	class coursework.ExampleEvolutionaryAlgorithm
Training Set Training
Fitness 0.12906672553815762