0.23842538301232513,-2.2398421414899685,-0.8711152692283219,2.759144440060208,1.4795473535630783,-0.9226058821524026,1.6019908982575974,-2.281003827785818,-2.5534648544795053,-1.2273779242263736,-2.1135676027875765,-1.6491098758880145,1.91996540137891,-3.035368432583854,-0.8604466683406258,2.386210880586975,-2.9313937525590377,-2.555678228058399,-0.8042348385830116,0.22220114870147645,2.602089498158774,1.317935373113484,1.2444145385528023,1.601504014815781,-0.2545481430297261,0.1593795126962791,-0.3600785518536657,-0.25590370335384666,2.2108203264420814,-2.449223969109711,-1.982894563920045,0.3414170715890124,-0.9588551798544995,-1.147101817585706,2.5512433156646583,1.0809598087246757,2.4055447256241305,-1.4827905998064934,-1.8279281051135738,1.2434894057413513,-2.378188046679215,-2.1456781722606113,-3.0065342348572517,0.2580808539799036,-2.2230226607975387,2.5417851224029366,1.3973776952736474,-1.5250556303901943
numHidden 	5
numGenes 	48
minGene 	-3.0
maxGene 	3.0
popSize 	200
maxEvaluations 	20000
mutateRate 	0.01
mutateChange 	0.05
seed 	1554461144408
random 	java.util.Random@1f17ae12
neuralNetworkClass 	class coursework.ExampleEvolutionaryAlgorithm
Training Set Training
Fitness 0.10490064973703785