-0.22138564902135888,1.5311610117728156,-1.4597831744607934,2.574232541876773,2.912965379809701,-1.665088360746682,-0.06977599776391319,-0.37590899825130375,2.317720374456834,1.1980283612205511,-0.8047027206386363,0.7001205094813179,-0.9968461201223411,-0.3021166627597733,-1.4569027446435552,-2.13388402987185,-1.7484907842786117,-0.20862780945316306,-0.674174297499651,-1.4760807815306423,2.221709053549711,2.012076231941861,-2.661725247002978,-0.3274978603880097,-2.9178719270154194,-0.6250979884241272,-1.4006029579680048,-0.16838159402695113,-1.6809675422764632,-2.71660042075859,-1.0015678872214653,-1.425475408143789,-2.1752300884085454,2.108799625262514,-2.3383298398319643,-2.802462219302688,0.43753832530692555,-2.606669780871453,-1.4605552045996673,-0.9480795238254931,-1.0108976065265631,1.4360841437795895,-1.7987927350232942,-1.1487698359369332,-1.1244507681494038,0.83544396570991,2.7879223108239133,-2.387133329759747
numHidden 	5
numGenes 	48
minGene 	-3.0
maxGene 	3.0
popSize 	200
maxEvaluations 	20000
mutateRate 	0.01
mutateChange 	0.05
seed 	1554460215022
random 	java.util.Random@1f17ae12
neuralNetworkClass 	class coursework.ExampleEvolutionaryAlgorithm
Training Set Training
Fitness 0.13271538703488625