2.4920704662059325,0.5694918975762104,2.1257983752405716,0.8237018937369824,1.4729492021921644,-1.0344113492926046,-2.076621864096715,2.585582788522175,-1.317690476816589,-1.1289916212381628,2.948351640910234,0.8555537750125641,-2.5840642621137206,-1.6488240091038013,3.04844527529655,0.6282519325137428,2.0891687640330696,-2.614834925780586,-2.706029044154076,-1.4781952220659262,0.8043425564751143,-1.0036806571115868,-2.8891634356375393,0.6753241619656274,-2.3293261906428544,0.21549823118920736,0.009291875936762214,1.1760654779064903,0.330495370482069,-2.711420741923296,1.4930369604959688,-1.2276097113565327,-0.04135467395053656,0.6646484689088656,1.777736400619765,0.4306398584982169,-0.7829596063507551,-0.14380290553954217,1.8487949377786734,0.3766612021544473,2.460829765993471,-2.5069910447444186,-0.6524908145071115,0.7265758359775258,0.6089122849696114,0.5225739108775425,2.2433053116925654,0.7841149584313385
numHidden 	5
numGenes 	48
minGene 	-3.0
maxGene 	3.0
popSize 	200
maxEvaluations 	20000
mutateRate 	0.01
mutateChange 	0.05
seed 	1554460289598
random 	java.util.Random@1f17ae12
neuralNetworkClass 	class coursework.ExampleEvolutionaryAlgorithm
Training Set Training
Fitness 0.08991207341957401