-1.8694467430228079,1.7850805508708851,-0.6170693654267552,-1.5869768779799946,1.1158002838151868,2.357363644789431,2.8107236677988023,2.396979008338472,2.3212604469477824,-0.6089197072032774,-0.5624574813949645,-0.060553293652264806,1.878321691936927,-0.061914755170911745,0.0015476938579103844,-0.7521503545577188,2.1136543859285704,2.749689538354577,-0.2966310172066316,0.5533609956958765,2.7272169223593394,-2.531757622161403,-2.338345742582462,0.11992748112441358,-0.04386372074059537,1.1003761809288841,-0.3722532496521239,-2.9676553525545475,-1.9762057249795713,-3.0040367424745122,1.3953280615972368,0.8241069414362145,0.9162047935443822,-0.5475868360486771,0.35892148622648046,2.39184190325593,0.5551476525114849,-2.358733542372115,-0.9368872419423764,2.282588476725654,0.3443079485470282,2.8972233194196138,-2.186580503853462,-0.21642364803112563,-2.601184319243049,1.9737707699011933,-0.6271880737830782,-2.726003312289845
numHidden 	5
numGenes 	48
minGene 	-3.0
maxGene 	3.0
popSize 	200
maxEvaluations 	20000
mutateRate 	0.01
mutateChange 	0.05
seed 	1554460060909
random 	java.util.Random@1f17ae12
neuralNetworkClass 	class coursework.ExampleEvolutionaryAlgorithm
Training Set Training
Fitness 0.12704203638636313