1.0653025446686537,-0.9025061633251121,1.0013644627028526,2.119736092443685,-2.480002826066509,-0.5458847477495332,-2.97421561002389,0.31459198506072283,2.569834191987045,2.6708914625841693,-2.143414527694109,-0.1255469203366646,1.6358151698321464,-0.2979467922701839,0.7143114014986138,1.5658339176401204,-2.422815614612154,1.4521939802589066,0.944822959841624,2.693117216718824,0.07693292089133141,0.0767720324156775,1.6239841761902996,-0.9754017072717096,-1.023784310474878,1.7985531781903887,-1.0547411144835295,-1.143859642295166,-2.787721748798969,0.011984410806786805,2.5947586619849634,2.0652355561276696,-0.5273710214374603,-0.791249845032024,2.067540059812539,-2.8334080913180766,1.6836905461113492,0.37654057382815376,0.1467751845315357,1.2947990117313362,-0.30582344101237746,0.7063119262551878,-2.6616877195083584,-2.4672027956906417,2.446317000046667,0.3696978956720365,1.6848549025354718,-2.109878378622925
numHidden 	5
numGenes 	48
minGene 	-3.0
maxGene 	3.0
popSize 	200
maxEvaluations 	20000
mutateRate 	0.01
mutateChange 	0.05
seed 	1554459693263
random 	java.util.Random@1f17ae12
neuralNetworkClass 	class coursework.ExampleEvolutionaryAlgorithm
Training Set Training
Fitness 0.11526443676256143