0.9980035802090177,-0.8559237339416983,-0.5468340759051997,0.39313580327517034,-2.7827779002846986,-1.4058239992466954,2.199570410553677,2.1538340582986617,-2.048528370777542,1.286943260067017,2.0934227521975957,0.28786484288535213,2.8406844012872705,1.9788040163599234,-0.11573826694365792,-3.0189726303267497,0.3117287857720361,2.5232736263829265,-2.5983884820132133,2.7046328100329076,3.0529099224735923,0.5911592099755274,-0.7893664889542318,0.4826394182027794,-1.0984879417214666,-2.635962102221119,0.8943878838625525,-0.9186019959473606,0.42696900655526093,1.0857290984517354,0.438177378292683,-1.698737780918414,-1.5630533801634472,1.9851955121215983,-0.985574125067108,-2.267649164844425,-1.7144766539784604,-2.8034721026053866,2.2138306992805834,-1.3829545688601677,0.024215401014242036,-2.8414875244491564,0.5792178604159048,0.8326270783371448,1.2198780381178271,2.4806636504339457,0.6820147752517318,1.696625519624743
numHidden 	5
numGenes 	48
minGene 	-3.0
maxGene 	3.0
popSize 	200
maxEvaluations 	20000
mutateRate 	0.01
mutateChange 	0.05
seed 	1554460139112
random 	java.util.Random@1f17ae12
neuralNetworkClass 	class coursework.ExampleEvolutionaryAlgorithm
Training Set Training
Fitness 0.11354873651080123