-0.7875911368320438,-1.1285128291895474,-0.942797668169916,-1.562618503854831,1.627098611529685,2.9100451961858687,-2.3989611340781067,1.7665847400625503,1.4500040548906528,-0.26042824205259624,-1.3019522808034119,-1.6361741895988633,1.7380226562548777,2.668021692628315,1.9944317244506273,1.80995199367751,-1.8794632653366785,-2.535353651206837,2.0909067880589944,-2.1440656785175727,-0.0192524089451203,1.6931572724186987,-0.5233669223145772,2.7690171292243937,-1.1256032244241658,-1.9944042890871614,0.14376664143713347,1.8633142510429632,1.6185484819824478,-1.8667735445271856,-0.05910667714907944,2.816198333802528,2.2127058753085356,0.6768302263889483,2.9004333077160886,-2.5328097466690336,2.4569737187711977,2.9934365579571933,0.06827383621534278,2.8580731653108433,-3.0298763152438406,-0.1722686349612294,-1.1574571297355716,-2.3569087023055837,-2.238292411945956,1.8851312051156381,1.179382845619653,-0.9237568418101827
numHidden 	5
numGenes 	48
minGene 	-3.0
maxGene 	3.0
popSize 	200
maxEvaluations 	20000
mutateRate 	0.01
mutateChange 	0.05
seed 	1554459916964
random 	java.util.Random@1f17ae12
neuralNetworkClass 	class coursework.ExampleEvolutionaryAlgorithm
Training Set Training
Fitness 0.10214670468039955