-0.7904870148116869,2.9303874023543015,-2.944738372555167,-2.810125727559611,2.56905057885965,-0.6158511361821893,0.6156607186987448,1.2063179734949114,-0.693067147834586,-0.3529914192164103,1.8850682705824362,0.5816723346418786,-0.04120950028897302,1.6906159407927372,-2.332897410666182,-1.4139448092490907,1.821762605100386,1.633773660651908,-1.3136731176000822,0.8441584784347311,1.8034900155642002,-0.4178599387987445,1.1690097300827789,-1.5096752178315282,2.024059413190565,-0.8144720694305403,-1.0785617348543945,-1.404074231055087,2.456483442015978,0.8928198653616404,1.80132529276525,-2.605039284479445,-1.52940245885735,-0.639314839334916,-2.674097111859695,-1.0712891714512267,-2.037950862823128,-2.6140375485223037,-0.3041592935059944,1.9127092177507459,1.9523549290514872,2.232739462144444,2.8371734992285456,2.299207639196788,-0.21220366353982945,-0.13616590079273722,2.073970581103823,-2.834256943961098
numHidden 	5
numGenes 	48
minGene 	-3.0
maxGene 	3.0
popSize 	200
maxEvaluations 	20000
mutateRate 	0.01
mutateChange 	0.05
seed 	1554398276535
random 	java.util.Random@1f17ae12
neuralNetworkClass 	class coursework.ExampleEvolutionaryAlgorithm
Training Set Training
Fitness 0.15783157979957527