-2.135935600637131,-2.880650779117132,1.8211531189833,0.42575289504597447,0.6094861367747249,1.6522052593996819,1.7723847573917089,-2.6351942742668006,-1.5996113856963314,-0.23518351189114234,0.6565995093140344,2.02649567246036,-0.4450502545758411,-1.407422601796742,0.6322155936474807,1.0132788566255506,-1.669599368261556,-2.8672591861359074,-1.6985759276486625,-0.2694463492148499,-0.570774143717637,-0.9567782804491742,-1.6024445494469026,0.2925504289824037,2.9206954943921613,1.8502479641490694,-2.8511932899236925,-0.2705057654462526,0.5028140792414526,0.8175794321969085,1.6229054971377084,0.045440179661730265,0.9606314621867205,-2.629747124204565,1.3319022200374047,0.16017071156281942,-1.2047796855341628,0.9935430947490533,1.088381227149429,-2.009978072281937,2.803482244367949,-1.5569346020018688,0.15400067947731344,1.3314976610243412,-0.9676920853824935,0.904679723535821,1.2583758236248777,1.3080076397450142
numHidden 	5
numGenes 	48
minGene 	-3.0
maxGene 	3.0
popSize 	200
maxEvaluations 	20000
mutateRate 	0.01
mutateChange 	0.05
seed 	1554398436072
random 	java.util.Random@1f17ae12
neuralNetworkClass 	class coursework.ExampleEvolutionaryAlgorithm
Training Set Training
Fitness 0.14432162497001566