-0.8623532089072634,-1.9716185040209913,0.5063593923818346,-1.2480769630854514,2.41699503711943,-1.3465196445931578,-2.6935720581184617,3.226544892885731,-1.6000136390695243,2.1850521261831553,1.6501077165663443,-1.8817337236877136,0.8777338372496926,0.4091764413936414,1.2261800975456152,1.2091891618946724,-2.735816727328813,1.7867215653494875,1.591524364797723,0.45037694245820176,2.723832995915929,0.7524253778787653,-2.051546115383033,-1.3122898273069739,1.854896797050295,-2.731950152455628,0.8744363921516702,-2.5073839884592957,-1.094320158974921,3.039310748150644,-0.03306814848601061,-2.471729143358709,2.281235454592977,0.6324619036772584,-0.7358753545861045,-2.3731964571197715,2.014169008025112,-0.8599192332308232,0.13787702522394688,1.3354444790239433,-3.222251412124245,-1.4032251557004591,2.7282763073190326,0.9094904937746786,0.011282049616889542,2.434203519285747,2.3996950439091096,1.3873746900310648
numHidden 	5
numGenes 	48
minGene 	-3.0
maxGene 	3.0
popSize 	200
maxEvaluations 	20000
mutateRate 	0.01
mutateChange 	0.05
seed 	1554398807639
random 	java.util.Random@1f17ae12
neuralNetworkClass 	class coursework.ExampleEvolutionaryAlgorithm
Training Set Training
Fitness 0.16113512526944326