2.9775119822610217,-0.7377769043922795,1.2378185069533132,2.5727465457532217,0.2692372357269637,-2.124829454282394,-0.7118897117160561,1.657688357814119,1.9965255618033861,-0.2749593053818158,2.6080971301255547,-2.9248397116657783,0.40741022636611585,-1.3007924035275131,0.45828650272912075,0.7561119361927764,1.582190645648795,-1.1690707968841079,0.8690876022049068,2.8901024617325177,-2.352428324136885,0.10661664175104786,0.3365243221548031,1.873369343984253,2.503103525262591,-0.1981216427219925,-1.993563256523836,-1.1674830522337163,0.42665641531391374,-0.302645429686347,0.04730795616977801,-2.4183252233278725,1.7268386253433246,1.5984007434867822,-0.7682298958691893,-2.787228205756434,1.248938383313839,-0.8067728885296583,1.7042704139046874,0.34786986116579505,2.3671384095996864,-0.4678510864295581,-0.29270664760832055,2.6992944623849446,-1.3405700764185773,2.7961475198353574,2.920964705690958,-1.262399078062803
numHidden 	5
numGenes 	48
minGene 	-3.0
maxGene 	3.0
popSize 	200
maxEvaluations 	20000
mutateRate 	0.01
mutateChange 	0.05
seed 	1554394764665
random 	java.util.Random@1f17ae12
neuralNetworkClass 	class coursework.ExampleEvolutionaryAlgorithm
Training Set Training
Fitness 0.2121655258604505