1.6403267403266824,-2.934704144227191,2.804152423280719,2.3697968073207347,2.462124889922489,-1.6845391704967434,1.0557727765761131,-0.11773357523702614,0.015061588504885606,-0.6381236465947475,1.0644583203804587,-1.8189289342877808,0.3622029607359045,-1.2241623222359101,-0.05272501347275167,2.9918086245544897,-1.8779026483489285,2.383149510855458,-3.135650069790632,-1.5459427712464495,0.4083202338434545,2.626549550335909,-1.7963488397114324,2.3857463838472954,2.2545917944695146,-2.2713318815066517,-0.15791876626235268,2.67274065167815,-1.2708837039065144,2.632511928574516,-2.439442133616536,-2.7669154573188566,-0.225783367120576,-2.049240547849885,-1.6580737171003592,1.6284090941268758,2.7272552625144852,2.5469526348968357,0.4692204602003536,-2.244459111063038,2.4862595307224478,-1.9990383089745742,2.717962484162199,1.749408793263626,1.5285876167236532,1.7779051703279976,-2.6501391388641076,-2.336117674695486
numHidden 	5
numGenes 	48
minGene 	-3.0
maxGene 	3.0
popSize 	200
maxEvaluations 	20000
mutateRate 	0.01
mutateChange 	0.05
seed 	1554394519805
random 	java.util.Random@1f17ae12
neuralNetworkClass 	class coursework.ExampleEvolutionaryAlgorithm
Training Set Training
Fitness 0.14344667370641556