1.7414787627789403,1.3787716792672935,2.697389377337138,2.243724644874617,2.379993429179044,-1.6878711718416373,-2.9248415356097346,-0.9155510728977527,-0.8191042048138979,-2.5222819205116322,-1.978427783284632,-0.7472867381525892,-1.3828594178470703,2.360260446429634,2.1770223483373323,-2.4380945590526,0.477285394430534,0.44853545552742097,2.2789620239506485,-2.4444667116016014,1.7630625761083512,0.7514958381825818,0.3214894415099551,1.2972804057641791,0.5299668818743206,-2.7639500710386162,-2.404358254706662,-0.7364371431981178,-1.409700978258402,0.8182923609382775,0.4764421552183908,-1.2387413430394714,-1.693833514991608,-2.959659089888514,2.3552891540723273,-2.1661929364072954,-2.2155643036226245,-1.2054964162818294,0.366813460354592,-0.5397291870949292,-1.3582380878505644,1.7180408000867124,-0.169147118653785,-0.6068064483357238,-1.8166415167077592,0.09002623267506156,2.3665513509421663,-1.7740861990119035
numHidden 	5
numGenes 	48
minGene 	-3.0
maxGene 	3.0
popSize 	200
maxEvaluations 	20000
mutateRate 	0.01
mutateChange 	0.05
seed 	1554456655037
random 	java.util.Random@1f17ae12
neuralNetworkClass 	class coursework.ExampleEvolutionaryAlgorithm
Training Set Training
Fitness 0.1186136914209424