0.5272836560373058,1.0211752170672526,2.4110871458930037,0.5280465405016743,-1.5027375086210093,1.4424898228823064,-1.288089930134878,-2.0251244553522785,-2.789954508534496,1.0952367966437668,-2.508921337303125,-2.2148475811414468,-2.3589365885747386,0.3992144527446545,-1.2498441399151237,2.9923405191757215,0.574244962806916,-2.1653156548563666,2.0143037663969086,2.1707801048862407,-0.23443714603685428,0.3531071232575643,0.03578850024041165,-2.5102077182784437,1.2445430979243894,-0.18324368294327825,2.0185338423522037,1.9445034033182742,-1.680278765610583,-0.8082221307075717,2.0566363294765004,1.5480981054295728,1.0325423319342482,-0.08866567282241729,-0.4428627563789287,-0.9787954087811421,-0.32571458768979866,0.4739171482668964,-2.936141263247179,1.2028746798244592,-1.0671459336925735,-2.805064838116456,-3.1108962971636656,-2.5860077039875753,-0.521676338639827,2.0819423276090756,2.4259742392751207,0.5747466923955529
numHidden 	5
numGenes 	48
minGene 	-3.0
maxGene 	3.0
popSize 	200
maxEvaluations 	20000
mutateRate 	0.01
mutateChange 	0.05
seed 	1554456733260
random 	java.util.Random@1f17ae12
neuralNetworkClass 	class coursework.ExampleEvolutionaryAlgorithm
Training Set Training
Fitness 0.10497094847104764