-0.22094307940107988,1.8306662327040772,0.7909718322324577,0.6048673803996163,-2.52195604386628,2.9703058998978573,1.5857118385239177,1.5405257702905768,-2.9983059910210432,2.559083951553279,2.394896533378997,-0.41597595817034305,-2.0333386564551077,0.0966396891372141,2.4415675720747343,2.8209706503968723,-2.4096793195953383,-0.5134137193790513,1.5655245354850074,-0.3428591343258061,-2.9167186619579355,2.354215986723421,-2.7560306091216455,2.557929284903632,-0.6394847345058787,0.42143840968059015,0.883454122483035,-1.0214040083697056,-0.7889407657376368,2.857764050577491,1.0382029574890366,1.9913087157620037,2.472896131565326,2.32632261817228,-0.1802152150352329,-1.4815267799271172,-1.6135968931231157,-0.2800715420576612,2.5241245113939375,1.0346816863113772,-0.8127709794810916,-1.3810605215449454,1.5801572547327567,2.5264565752482318,1.9488852408637545,1.7918900953333337,0.7622147976343203,-0.1515374648318401
numHidden 	5
numGenes 	48
minGene 	-3.0
maxGene 	3.0
popSize 	200
maxEvaluations 	20000
mutateRate 	0.01
mutateChange 	0.05
seed 	1554456027866
random 	java.util.Random@1f17ae12
neuralNetworkClass 	class coursework.ExampleEvolutionaryAlgorithm
Training Set Training
Fitness 0.12212923341980123