-1.1713409656660765,0.29645961827936024,2.2239821358347935,0.7850551930276808,-1.2982899449024716,-2.8232793759181423,-1.3079142535814212,-1.8679470947907233,0.5387144157788022,-2.717452707510054,2.0707842531868685,-0.016591049042919,2.42529143113521,2.191141891123003,-0.3156388862176117,1.9680054021056377,-1.2261841945753578,1.593587503052873,-2.35060960366251,-0.46351982502563516,2.9145680964275673,2.7015276874203096,-2.360859306429122,1.2009922154589614,0.9722992736118297,1.8261375848132664,-2.0150247861121735,-0.14318275730713204,0.34034045570089244,-0.4546282206002144,0.9409183989180283,1.7667107820836767,-0.9257891668080183,-2.0097209039745163,2.979219165792597,-1.0816975216436946,-1.810447713207322,-2.72544194411537,1.8670772209367439,-0.8623372485340854,0.26681700160171173,-2.7908512844179727,2.4170233838345805,2.0381284780839986,-2.321572751388024,2.401624248681377,1.1515460482803563,2.0952315355763105
numHidden 	5
numGenes 	48
minGene 	-3.0
maxGene 	3.0
popSize 	200
maxEvaluations 	20000
mutateRate 	0.01
mutateChange 	0.05
seed 	1554456262346
random 	java.util.Random@1f17ae12
neuralNetworkClass 	class coursework.ExampleEvolutionaryAlgorithm
Training Set Training
Fitness 0.10817412323440978