0.48605123063383804,-1.356432127487776,-2.010591867185067,-1.7313569724842972,-2.2076518110885592,-2.184791435300901,-2.665805444146298,-0.1325997125074565,0.7579836859283802,-0.6142797614682902,0.0790348974149051,-0.5627091841932257,-1.028072411517658,1.7894389609758754,-2.4671579624277893,-2.955528398946014,-1.9608311749999119,1.2648449951792138,-2.363443008997667,-0.07292261907815796,-1.815231291473482,0.861933913570831,-0.20489146881330633,1.9696902236800333,-1.7070906374691546,-1.1740551875099896,-0.118815322618536,-0.005953738001777259,0.7056540809100205,-2.244450888679519,-2.223517141830865,-2.521123917740775,-2.44647793591136,0.835725306209957,1.5324838140996089,-2.760849423493099,-0.818261832248506,-0.37837189926768905,1.1461782980089223,2.9008410761162864,2.658287431326128,-1.6984918729132412,-2.649149035914582,-1.8835166741844322,-0.136567933558303,2.902612097377949,1.3922131309268453,-2.3549402990297814
numHidden 	5
numGenes 	48
minGene 	-3.0
maxGene 	3.0
popSize 	200
maxEvaluations 	20000
mutateRate 	0.01
mutateChange 	0.05
seed 	1554456187097
random 	java.util.Random@1f17ae12
neuralNetworkClass 	class coursework.ExampleEvolutionaryAlgorithm
Training Set Training
Fitness 0.12723302460666933