-2.4869284001149703,2.401090528660495,0.945187922139745,0.6540056869887386,2.642262549508799,2.7253972530939103,0.058537943147262655,-2.333058935796971,2.762161852631375,0.3991264416263711,-2.7677386742771577,-0.26888125798131673,-1.738855821759267,-0.1930204511447065,2.8284900624484397,2.6817227241509283,1.0533826873551526,-2.117715693245389,2.2454570956284066,-0.8416179869759319,1.3781612453059697,-0.5530170379646804,0.8161330190384939,0.09133018433355354,-0.8199145910118284,1.7677139581865344,-2.6686068000588943,0.75320241288766,-0.14597643065846883,-0.2989915566656905,0.5555685388657992,-1.3258538262130701,-0.10576974175975895,-1.5904636442868563,-0.9498605608239361,-0.20716162595685972,2.840275846718882,0.933561123143062,-2.6031475938495383,-2.4103279236534867,-2.5900094376108886,0.532517106883121,1.1847474454406182,-1.7675374160393018,-2.002167223396481,1.1902871146072966,1.6521600820754405,-0.23930275148166003
numHidden 	5
numGenes 	48
minGene 	-3.0
maxGene 	3.0
popSize 	200
maxEvaluations 	20000
mutateRate 	0.01
mutateChange 	0.05
seed 	1554456580939
random 	java.util.Random@1f17ae12
neuralNetworkClass 	class coursework.ExampleEvolutionaryAlgorithm
Training Set Training
Fitness 0.10851234342845609