0.4057907323074227,-1.8315961578710664,-0.9934325380822147,0.0553062756624616,-0.10703810372018896,0.7701067474651073,-0.8046521899908508,0.4733873377033218,-1.3388123625324517,-1.7617868537702892,-1.1646850595114215,-1.417265757717677,0.7712658257892069,-0.4719695564603088,-0.044522245537720884,0.7439301925501282,0.1846192990096106,-0.10612731932160091,-0.49760598302324105,-0.8693786107733465,-0.21840519590766388,0.6898341359331868,-0.392871280671705,1.5315953628231407,0.5326835819298175,-1.3051521671924922,0.305856298031217,-0.07597369341666677,-0.12486454202614461,0.139951347497823,0.15124795064236796,0.35222973757052173,0.5691033422561687,-2.1118410985682163,2.0692878669386396,-0.6798263697087539,-0.2134370880235677,0.1645168809352363,-0.03335299980913642,-1.3931202702133034,0.004314726078068043,-1.2775060756427494,-0.5895849861055802,-0.12221653694331719,-0.7053186819308249,1.5311687698727126,0.04768920421579781,0.7939075787048389
numHidden 	5
numGenes 	48
minGene 	-1.0
maxGene 	1.0
popSize 	100
maxEvaluations 	20000
mutateRate 	0.1
mutateChange 	0.3
seed 	1554482341196
random 	java.util.Random@1f17ae12
neuralNetworkClass 	class coursework.ExampleEvolutionaryAlgorithm
Training Set Training
Fitness 0.04954816735550841