-0.7745764337261087,0.31333215362645966,-0.7483150655899464,-1.8093119893175282,-0.2836566760273669,0.9838433086258642,-2.1948707285998728,-1.2959872355643285,0.32148206153918224,-0.3313479015909154,1.204280371743576,2.118922900181694,0.07968885537730397,-2.407251540942319,0.10170851307080847,1.131582811937173,0.016639888980132134,-1.8825298922516245,0.03050984763226261,-0.32873539329752993,0.3012401030243888,0.733542678126903,-0.2904970957699928,-0.06002504063128289,-0.5615390847773489,0.08293131177300572,5.09620700105462E-4,0.6700565626393917,-0.38091986600321953,-0.9043535787153525,-0.06913316745956966,-1.215966966892366,1.5563373406561138,1.0086920878282049,0.5921276641248581,-0.09039754635665137,-0.7329831730825889,0.26355906705483734,-1.1859165551268667,-0.8917101284604141,1.6169044295394126,0.6878084698165328,0.5227793072730145,-0.42642679114499193,-0.09995461595068839,0.38856831317847623,0.23285058647749418,0.6112711094390284
numHidden 	5
numGenes 	48
minGene 	-1.0
maxGene 	1.0
popSize 	100
maxEvaluations 	20000
mutateRate 	0.1
mutateChange 	0.3
seed 	1554482562129
random 	java.util.Random@1f17ae12
neuralNetworkClass 	class coursework.ExampleEvolutionaryAlgorithm
Training Set Training
Fitness 0.013701731820703732