-0.24598571035977718,-0.34875830903137606,1.910734477509433,-1.192394702268483,0.20235748581425383,1.033257934072274,0.011128583841214179,0.9566765052696578,1.6116253317161815,0.8100477339337511,-1.0560806429564247,-1.442215478038679,1.4505144419860727,0.02833871911169894,0.9783520957946734,0.7722528461813067,0.16669944413503995,-0.8576579738768197,0.6551894546144843,1.4524016687383914,0.05229698032995633,1.2784650326452542,-0.2928517246409677,-1.244264635948212,0.711457206478066,0.3318153411034607,-0.2362887168872369,-0.2652195301006,0.6426011014774491,-0.20917202171757204,-0.17178528008619237,-0.04285867387638276,0.7251983409829337,-1.1272848677817986,0.5591235658164988,-0.004088439121439302,1.0922279049277783,-1.1454969244458106,-0.12144820197822725,-0.12285141992563325,0.02058688543845577,1.0206281293871953,1.571434599936711,-0.1155521944530758,1.7005770767008306,0.47645831028303137,-0.3319524037590485,-0.5907779555905626
numHidden 	5
numGenes 	48
minGene 	-1.0
maxGene 	1.0
popSize 	100
maxEvaluations 	20000
mutateRate 	0.1
mutateChange 	0.3
seed 	1554481846708
random 	java.util.Random@1f17ae12
neuralNetworkClass 	class coursework.ExampleEvolutionaryAlgorithm
Training Set Training
Fitness 0.011807521231958211