-1.1514700234728064,-0.5087521140265037,0.5405825244538689,-0.8540386020012254,0.7731106605435382,0.5016910961187888,-1.2037118787287397,-0.9094317432508174,-1.6975316464266226,-1.271912611255689,-1.1942921833438849,-0.6223911955041539,0.08436233534782589,-0.7094009651233069,0.1819614882919507,0.871855919725083,-1.137726509431363,0.2869773077982112,0.26618781585767426,0.04183270599926142,0.21989795589927713,-0.09041773173092216,0.4702789004353512,1.1921837379770255,0.27438153307389745,0.1755791587408379,0.3508435537732588,1.095831976379604,-0.39934462451923486,0.8280527602896848,-1.2339504135823876,0.4568032108211811,1.0607521394289572,-1.089527265904931,-0.3245323162313078,-1.8806414552103008,-0.481180008340582,0.4339341654349877,0.12282809302310621,-0.37029449116823265,1.2703616415772976,-0.8834572156173515,0.5869177735335067,-0.2977554592888489,-0.19130085869623886,0.3831072597960143,0.22475782255177906,0.059506921523668266
numHidden 	5
numGenes 	48
minGene 	-1.0
maxGene 	1.0
popSize 	100
maxEvaluations 	20000
mutateRate 	0.1
mutateChange 	0.3
seed 	1554481988749
random 	java.util.Random@1f17ae12
neuralNetworkClass 	class coursework.ExampleEvolutionaryAlgorithm
Training Set Training
Fitness 0.010580584169900235