0.43064809546951377,1.6348991196277072,0.7362396865369711,-1.5235522236903014,0.04217136947819866,1.35346814065657,-1.435235501766514,-1.2392003248097037,0.736720504124917,-0.327076143062331,-3.2327470659842907,2.0693443716732176,0.952814804122871,-0.42793787312783027,-1.3448495458515293,-2.151385585320679,0.3998944996299738,2.7197941205940026,-2.7457603232314636,-0.12587440073185419,0.28729846785716817,0.03584876803417525,-5.393751806276825,1.6747991981361587,1.3277988400280198,3.5707373283068433,0.25998636921156026,2.5758289589974974,-1.6320294545043432,-0.7570132324376748,1.3719548261250918,-0.19607113746479743,-1.7141759418452476,0.4099607967499135,0.32439521675616634,-0.3468401433808832,-3.4462294791745753,-0.9125005815075418,-2.421055901200118,2.957531336679979,-0.8284052197398113,-0.6212209370824295,-0.0015372480102713304,1.0195906379432382,0.4116751916380832,-1.1843519863680103,0.7063586044318848,0.4398568470278039,0.9036220490844782,-0.6759529730828981,-3.452301178859913,2.3503037475993747,-1.994294190346397,0.4554580383150466,3.2743866485643367,0.7851865687476935,2.9338634259572562
numHidden 	6
numGenes 	57
minGene 	-1.0
maxGene 	1.0
popSize 	50
maxEvaluations 	20000
mutateRate 	0.2
mutateChange 	0.5
seed 	1554307869495
random 	java.util.Random@1f17ae12
neuralNetworkClass 	class coursework.ExampleEvolutionaryAlgorithm
Training Set Training
Fitness 0.013155399271011288