-0.12030313383814861,1.8905791813461168,1.156488157897346,-0.7335780117449868,-0.44861755367589207,0.1943887461416769,0.17505130766969867,-0.2782119025446088,0.6981786817408369,-1.4601775760650775,0.25649592992678905,-2.294840306258813,-0.21187477179073833,3.996606906387791,1.2512899144534841,3.274479854407155,1.0041706717242431,0.29965831269731846,0.1576746474347357,1.4684491936444337,0.5947301963486553,2.4926684264138395,2.1171965318125743,-3.2141493885664634,0.8086274245961245,1.0520257314762622,-0.3319162186202429,-1.5910079079573523,1.862279431010924,0.5549770874941073,-0.2053324424608367,0.2713386108945355,-2.089333760287607,-2.0771966429423,0.12502497070683694,-0.3492588259997853,-1.1214426100709953,0.5154689880023913,-0.4534381678683217,2.0731390604797384,-1.799079371452288,-0.8047786183858008,-0.42593020910040824,-1.9409785704503946,1.0189596924308277,0.6424051005489533,0.86924355245742,-0.9874847816643717,2.473932302864788,-0.24441719636186887,1.9375990539366224,0.3830425934106221,-0.100897429010949,-2.420617212347701,-1.7818147721091795,-0.37793028662880124,-1.069115516753701
numHidden 	6
numGenes 	57
minGene 	-1.0
maxGene 	1.0
popSize 	50
maxEvaluations 	20000
mutateRate 	0.2
mutateChange 	0.5
seed 	1554307514780
random 	java.util.Random@1f17ae12
neuralNetworkClass 	class coursework.ExampleEvolutionaryAlgorithm
Training Set Training
Fitness 0.009825269086088488