2.057955619221355,-0.18046885994892192,-0.9504103091866902,1.4967750242786801,-2.4135444672285606,-2.866019359884544,-1.1463782040129007,1.5290971373625528,-1.0709582759657121,-1.474919929172682,-2.997305903825822,-0.7957075504876487,0.7320899043685642,-2.0653701707695875,-2.6188347022260414,4.577847220847856,-1.836820511131611,-0.19151982965599545,-2.744118450104992,-1.9927819860296352,-3.764123849835607,-0.9102521261657948,-2.229324018454343,-1.779784931002812,0.5784700182852216,2.4857248393896523,-0.5112062055231266,-0.18742220005751298,0.3333342659125731,1.1315362485980258,-0.31035139616631713,-0.20852220711327352,0.013762324126818326,0.27237189951980056,0.9066772975243733,-1.2925832048116919,0.22952648105602869,-0.03327850659285558,-2.190650880637855,0.5178868948453317,-0.30593410019518363,0.5081374917189971,-0.42233312679508717,1.3574683474602862,-3.2567555988812167,2.556272428185329,-1.849853588704219,-2.3620103502561935,-0.33466321681316424,1.4693376545011694,-2.913511224538124,-0.5530451000655259,1.6925587486345002,-0.6341598246787619,-2.43181616778155,0.9665864627997849,1.3530100353714782
numHidden 	6
numGenes 	57
minGene 	-1.0
maxGene 	1.0
popSize 	50
maxEvaluations 	20000
mutateRate 	0.2
mutateChange 	0.5
seed 	1554308092811
random 	java.util.Random@1f17ae12
neuralNetworkClass 	class coursework.ExampleEvolutionaryAlgorithm
Training Set Training
Fitness 0.008049908072671271