1.5324049513204654,0.3054299691583817,0.24876483552235285,1.634672707060906,-1.1307304923055375,0.4330817715590689,0.35853206845497554,4.07233018386899,-1.823149728169436,-1.4545426131909467,-1.1479383717789504,1.8176849049342634,1.1338603382425727,0.937374730504287,-0.7271265953797186,2.4235750979303985,0.7097852115433503,-0.642341823670058,-2.9171764157978877,1.595354674031603,0.2804371605575502,0.1011502860888076,-1.7239885125725423,-0.3966328065529461,-1.725186142000935,-0.4737444052326598,2.2819776064625117,0.6801495948631613,0.5974394629540467,-0.03148241886102343,0.5237799036848612,0.16914804961026197,0.3315912159892864,0.21457685434234675,0.39126389670306594,2.6642654465359064,1.5081406756521858,-3.6606943523173143,0.0792942516092956,-1.7278628703755823,-1.0545580968733768,2.3827419021741676,0.992669147864135,1.0841101286832175,0.9489018609462929,2.5797753942929686,-1.766108013869737,1.962479008746378,0.5045707935249755,-0.8456353592562587,-0.9330725413214662,-0.17439028108913246,-0.4907047371353428,0.05139340327830122,-1.3104772337443662,1.2591610288885358,-0.9493228535727927
numHidden 	6
numGenes 	57
minGene 	-1.0
maxGene 	1.0
popSize 	50
maxEvaluations 	20000
mutateRate 	0.2
mutateChange 	0.5
seed 	1554307384860
random 	java.util.Random@1f17ae12
neuralNetworkClass 	class coursework.ExampleEvolutionaryAlgorithm
Training Set Training
Fitness 0.013686238311087943