-0.5297150891458132,-0.43557619260503877,-0.0671206499474496,1.2731023812120421,-1.4570113342957767,-0.24460114313944986,-1.480640506406939,1.2372333223687366,0.25867633830094167,0.6098560756761877,1.248658607744128,-2.001420805257631,-0.5798232096425828,-2.4498622781478567,-0.3622818198184828,-1.2809109751554024,0.8933529648577563,-1.0496732269113946,-1.161791988386629,0.6635600098990195,-0.34215025084239764,-0.6552132477880483,-1.4816066329510706,1.3174268952292498,-1.9696406679275744,2.1207858812600455,-0.026077825208975836,0.5196097699692024,0.7001494919612699,-1.9345312761434614,-1.5528843062611222,-2.2095109690865926,-0.41346584464113795,1.827126634371959,-0.21120919912618558,0.6588107641092811,-0.8987018958656154,1.3374315433024604,-0.16645911202565916,-0.23798938319975776,0.6275381495302781,-0.6836252193813088,0.2680052932529176,-0.15776783366283548,-0.14439175051156822,0.631353852067225,-0.38312375974678,0.14823373531350592,-0.8340428850128543,-0.4827509142262345,-0.2835119308871615,0.194768023529777,0.8853670716218316,0.5271820941406322,-2.059657319749206,0.2695181380238905,-0.4122902628518466,0.796643953113978,0.3943620436076692,-0.27352464088290845,-1.1543650359399447,0.8431284616637968,0.035730753619796274,0.03175264346799511,0.835536812104305,-1.659840938948173,-1.3074973021038914,0.8047897692017012,-0.206777736141814,-0.2933545661148218,-0.6653810543440537,-0.3160853030516751,0.48569920376128645,0.900071918534834,1.3296184436207017
numHidden 	8
numGenes 	75
minGene 	-1.0
maxGene 	1.0
popSize 	100
maxEvaluations 	20000
mutateRate 	0.2
mutateChange 	0.3
seed 	1554484546060
random 	java.util.Random@1f17ae12
neuralNetworkClass 	class coursework.ExampleEvolutionaryAlgorithm
Training Set Training
Fitness 0.011472554155526013