-0.1253505089802841,-1.243070963519119,-0.36283460938501627,0.6928104390523542,0.5272428242513167,-2.113939889673107,0.048193966054487,0.2688365530564231,-0.015265183914522917,-0.19692365037654402,0.6130243268874078,1.8258019493092488,0.9257283676604089,1.5477491212494061,1.1998534561203138,-1.0471846112690675,-0.7177621342708695,-0.6809591303617784,0.9438261861165123,0.005433509111617829,1.3134889534121288,-1.0872204955730105,-0.290977362156777,1.4089064297806058,0.9408818802060381,-1.0717815760317184,0.9304780557457282,2.163053979943602,0.17194851462374688,-0.2769111080849896,2.297091761890042,-0.5260589614262481,0.16169208480435104,0.39396625319431683,0.7339265502655907,0.4927173431420111,-0.013575188032133478,0.07994005874794807,-0.18970273664274806,-0.38301392559792785,-0.909294256377392,0.17998187080357214,-0.09085588135856637,-0.21205632118175638,-0.16602008152040304,-0.3026077360358814,-0.04646125432185155,-0.4200934401899511,0.5585173202431588,0.980085311882434,0.0226559831552281,0.09733342121086108,1.596737379857644,-1.3445273095161914,1.033962461527591,-0.33060742027373197,0.9397737399462929,0.26703894864222294,0.35961768278681944,1.7537456260398043,0.682609652641522,-1.5292966254544,-1.6500086188404028,-1.8963721630977208,0.20291581804045372,1.0250536068971001,1.8073152813318436,-0.18028747815211027,0.817967889134293,-0.40980155591874184,-0.31010697867198517,0.10711045202407982,-0.24647216460035187,-0.01900387544015658,0.6424557936007802
numHidden 	8
numGenes 	75
minGene 	-1.0
maxGene 	1.0
popSize 	100
maxEvaluations 	20000
mutateRate 	0.2
mutateChange 	0.3
seed 	1554484781610
random 	java.util.Random@1f17ae12
neuralNetworkClass 	class coursework.ExampleEvolutionaryAlgorithm
Training Set Training
Fitness 0.011269392084662634