-0.5245584488431778,-0.6475146855569534,0.27274835377574863,-0.31355050757408304,0.1058603634851929,0.27780474703392494,-1.534566114908058,0.6739477668625435,-0.657190689020952,0.8177162206919428,1.6004800684517548,1.720406511535421,-0.4923958282124961,-0.31718994386514404,-0.7563779836322018,0.8473007378555626,0.41241738791383803,-0.11351549172485675,0.5413922074408257,-0.9907889024250565,1.3947912358470387,2.0263442409566434,-0.8119527719866211,0.8912643838179768,-2.4278270449625086,1.2718703634309936,1.6073345646648456,-0.5237712806208981,0.3522914827001578,0.3121996947759991,-0.675917602783932,2.4760122932530524,-0.11536675203044072,-0.657536083796119,0.4669598912323211,-0.20413227472634837,0.05443673231789237,0.42466479366587334,0.23455797996732514,0.39742669802074276,0.2673453030765444,-0.6257250249515836,0.49337838035132153,-0.4231606406893691,0.38299824880021954,-0.16549438347690026,0.11956396948683268,0.014875443900958019,0.6763314337970447,0.2679235049450835,-1.0353532560932788,1.6243155669466418,0.4902082364458025,-0.6553014510225845,-0.5602874197671921,-0.6428802021360889,0.9198063617359189,-1.1747116479888269,1.6865701771879236,0.24289381649902447,1.4170669617503246,-0.07277085288737617,0.039805988230864786,2.515282405708941,-2.0271772843244014,-0.4018972112637818,-1.1358693415990488,1.3295496240685847,-0.6795777594420633,0.7012350973910855,-1.576752048900146,2.796085196660538,0.36932636680224157,0.5131261293073863,-0.5960957614130019
numHidden 	8
numGenes 	75
minGene 	-1.0
maxGene 	1.0
popSize 	100
maxEvaluations 	20000
mutateRate 	0.2
mutateChange 	0.3
seed 	1554483806264
random 	java.util.Random@1f17ae12
neuralNetworkClass 	class coursework.ExampleEvolutionaryAlgorithm
Training Set Training
Fitness 0.01125386621915076