0.2526926292077461,0.5140301766062279,0.04413583049120656,-0.30794937748158563,1.1369417934471688,0.5062159805603154,0.7010487558867649,1.2865092216163523,-1.2808782506192018,1.4676645106009738,-0.742602211255653,-0.5292830958574009,-1.3299951584947438,2.180411592337622,0.1258571164602516,0.05080187817062237,0.3767557026898425,-0.24982400988696069,2.4525468392817036,0.6943956548781287,-0.16698799004516773,0.1291468446102102,1.427294084458994,1.1157187162439386,-1.3170376455466033,-0.32464819965035124,-1.8665803719477962,1.1055761317096344,-0.9223615933318117,0.6843197612257796,-1.0459716384828204,0.8079346444793187,0.21512488099392463,0.974633440028029,0.8661604430551206,-0.22394300423327973,-1.4404634534405807,-0.8305592831074373,1.5706667275215869,-0.34353355073444863,-0.3202718568626935,0.13621727820911805,0.24815362729809204,0.26244885163204507,0.35024567053154004,-0.048296595372122275,-0.9108008376800909,-0.07119538091998168,1.456019106262522,2.0392624243175166,-1.4931504247871734,-0.12279916610772063,0.1952179451884507,0.6378606111179066,0.2287748505142025,-1.534775152799951,-0.08920906838934395,2.680083869542064,-0.19436759618163646,0.8426447195585953,0.9013772567622591,0.7473775087055341,-0.8622997975357931,0.4413756060121193,-1.1678285187258854,0.5374241787133363,1.7189281390750681,-1.370040160853954,0.2491085537109819,2.2807897978866354,-2.3512739593827567,0.7217863830915812,0.9308728455876187,-0.3534784620376193,-0.3612006572022695
numHidden 	8
numGenes 	75
minGene 	-1.0
maxGene 	1.0
popSize 	100
maxEvaluations 	20000
mutateRate 	0.2
mutateChange 	0.3
seed 	1554484306218
random 	java.util.Random@1f17ae12
neuralNetworkClass 	class coursework.ExampleEvolutionaryAlgorithm
Training Set Training
Fitness 0.014027257937734024