-0.3627020909390846,-0.9183703142872597,1.002891342988484,0.15683106815291875,-0.8655079593133934,-1.8847923521077379,-0.8016306636893822,0.8583748036002143,-0.28136293612923274,-0.5304284934143864,-0.7668726533249315,-1.997966258580517,-1.0030162154793385,-0.1320661711297058,0.6535847713121503,-1.4699186301918892,-0.9483364865782571,-0.7430466033377703,-0.6008791745395543,-0.48480069099514106,-0.8875210430008476,-0.9957660913874262,-1.1197013075204552,1.0369980156590803,0.25716675534298583,-0.7993097479970879,-0.7696811353040578,-0.7497675182847061,-0.053944666993661294,0.4615857918096731,-0.7965618233158942,-0.4897692308326817,-1.465258308365498,1.170256545898453,0.8692774624139801,0.8015246299276879,0.4035543401134714,-0.1796963367843557,-0.6636587946680657,0.5269121829365451,0.03238817269492017,0.23899686029584394,1.4588096326929205,-0.30129220276742014,1.4375641616411774,1.1882732788197805,0.3190066233136191,-0.24711662894138892,-0.9378197072844212,1.0862649845927244,0.2573775286741649,-0.6954760036394751,0.9321284148313995,1.230603641830614,0.2302697574182519,-0.7775742069516041,-0.6538563513117526,-0.43231028563292134,1.8866948522416485,-0.5836061585755274,-0.9456148393142023,0.06012548959819697,-0.5006924711086471,0.16283752678638436,0.9743947101747812,-0.6665253342251339,-1.0219472040577489,-0.08299814324645971,-0.23582034960910708,-0.04733248080376995,-0.4449895031347618,-2.720952717107877,0.5721889343081876,0.1445141832306961,0.5741871660118114
numHidden 	8
numGenes 	75
minGene 	-1.0
maxGene 	1.0
popSize 	100
maxEvaluations 	20000
mutateRate 	0.2
mutateChange 	0.3
seed 	1554483951108
random 	java.util.Random@1f17ae12
neuralNetworkClass 	class coursework.ExampleEvolutionaryAlgorithm
Training Set Training
Fitness 0.015875561576679374