-0.21262859664228673,-2.0826216864764966,0.12103708858054274,1.3950058374449448,0.9243546044254609,2.8159060665407836,2.3909124822678445,-2.8632526427448735,0.4073130110857819,0.6814941363006692,1.8172741469597185,-0.5697444367940481,1.190733610509663,2.450307167546282,0.2971910204112813,-0.5631861038135431,1.7475964371617012,-2.262849855631618,-0.7696788277541344,1.9241051523364154,-1.6559191350449847,-1.4485015549232025,-2.637246103140243,2.731332602665221,-1.7886825715857817,-0.35610405873151585,0.5647338081310407,0.02923004468681789,0.0975265029876855,1.5769007031477953,2.5246280512031367,-0.6334006020044907,-0.08370202018005823,-2.98094955726234,0.7926682980586985,1.8680616982015392,-1.6233019439470078,0.6021200656447654,2.9966726088615747,2.758251839669134,0.5883028771456469,-2.038761979351294,1.3781238709611827,1.6357370348663292,2.6791851264069306,0.2942277998521634,2.060652981350314,2.605485203183486
numHidden 	5
numGenes 	48
minGene 	-3.0
maxGene 	3.0
popSize 	200
maxEvaluations 	20000
mutateRate 	0.01
mutateChange 	0.05
seed 	1551742877849
random 	java.util.Random@1a6c5a9e
neuralNetworkClass 	class coursework.ExampleEvolutionaryAlgorithm
Training Set Training
Fitness 0.1268934958185204