-2.846549655929695,2.9487229236035475,1.6807434292110237,2.8863705472513903,0.13529857302528825,-2.2424786646167907,-0.9147838426714641,-2.9164681922789386,2.001926422180304,-1.1749334803149336,0.05095607914095268,0.6995043392345917,-1.8125903222024882,1.129199178616176,-0.9592356609823796,-0.7816620367917784,-1.1786341980655701,-1.569910113371783,1.5704896873379326,-1.3269435282115096,-2.4949833167435003,0.3516115817754617,-0.5565123999367811,-1.8977421044182021,1.7780750105970426,1.2100290790546984,0.08114595401049929,2.0264135166570387,0.07864189226506557,-1.2368156910883683,0.7272491171951359,1.7035674482386725,-0.1911563620022827,-0.23921868826878478,1.5832482415416393,-2.7496848501925486,-0.6330092189471999,2.271296728674076,0.6483033311827038,0.9776081968275769,-2.307417774317315,1.7434605146474098,1.1922576543135746,-0.5078941308509006,-2.0064718542273647,2.6801781423075903,0.3815022769322658,-1.7475337925322798
numHidden 	5
numGenes 	48
minGene 	-3.0
maxGene 	3.0
popSize 	200
maxEvaluations 	20000
mutateRate 	0.01
mutateChange 	0.05
seed 	1551742513665
random 	java.util.Random@1a6c5a9e
neuralNetworkClass 	class coursework.ExampleEvolutionaryAlgorithm
Training Set Training
Fitness 0.13047443680733306