-1.6465520921692656,1.0232368623510069,-2.693231048110267,3.1330833225960077,-1.0443586681627537,2.697974684660288,2.1930271230468135,-0.5699609874694209,-2.19760823173792,-2.307481494358484,-0.5036218117845477,1.5730626051490533,-0.6648473228819867,2.4913114573969484,-0.8451828602570541,-0.24610836070535724,2.8757840475354515,0.5222665331266232,-0.4147238233170929,-1.773069758705811,0.27348600662992834,-2.40571134287109,1.2017716197593078,0.4071024032967175,1.9630331167066035,-2.42107187148831,0.5187224334513758,2.798830190774006,-0.2202823654093985,-0.34006627887094004,-2.7454434966991212,0.655504962344784,-0.31882363969641164,0.03531283468643763,3.963669082382437E-6,2.41350461503629,-1.9607336297188847,-1.7568012796571766,-1.3617621315859125,2.3443182398041893,-1.0304665528251764,-2.077786028459864,1.0764400425639684,-0.5247020123844475,-2.240674771601399,1.114143424066184,1.8897241670106577,1.3825598829093624
numHidden 	5
numGenes 	48
minGene 	-3.0
maxGene 	3.0
popSize 	200
maxEvaluations 	20000
mutateRate 	0.1
mutateChange 	0.05
seed 	1554474847520
random 	java.util.Random@1f17ae12
neuralNetworkClass 	class coursework.ExampleEvolutionaryAlgorithm
Training Set Training
Fitness 0.02846173930705131