2.589226230169184,-2.8974779826168127,-0.49015829514186,-0.23808936077375903,-1.809971540712072,-0.9746373001160034,-3.1970436503816204,2.5697139614411375,-2.3779948282346286,-1.77752957271862,-1.6895234109410506,2.6517087818962324,-0.0412537445850191,-0.14250925604300538,1.4555810591535359,-1.8775457620237037,2.274632276504767,1.4932389177540606,-2.0794553863737537,2.3862114822219302,2.1540488576537324,-1.6042734367736546,-1.1629819561532275,2.1937957516204145,-0.6763248719319324,1.5332052753729795,-1.214732544140561,-0.8641534377049136,-0.2810217974511515,-2.0347502409262503,0.11238012674068452,2.3952870598019738,-2.623914220274821,-0.29403957544941717,0.695921056831305,-0.5323095098819763,-0.6145571886652075,-0.5408241647531724,2.0113185949999095,0.3274934030686061,0.1526639507498569,-1.3842634681585015,-1.9378637247455246,-1.7440893300568907,0.2888474586222113,2.142307204950714,2.8046224113178644,2.2294583161456893
numHidden 	5
numGenes 	48
minGene 	-3.0
maxGene 	3.0
popSize 	200
maxEvaluations 	20000
mutateRate 	0.1
mutateChange 	0.05
seed 	1554474356026
random 	java.util.Random@1f17ae12
neuralNetworkClass 	class coursework.ExampleEvolutionaryAlgorithm
Training Set Training
Fitness 0.12754236705001554