-2.1125204934726423,-3.119175735037886,0.2922777485087614,-1.041508618356348,0.5891958398690977,-0.2611737686056735,-2.5428195857099216,-0.8850331143557082,-0.5644505840997851,3.04472240534019,0.7190441719090681,-2.8322744847410686,1.5828834896222936,-0.3710750699208229,-0.5862821158071235,1.9757056272080176,-0.9628383204809139,2.784952648717793,1.0123754357627255,2.5153584543701024,1.346008430281388,1.5755915268288636,1.8042981178271278,-1.5341846757297246,-1.2243376496054665,-1.999368119116213,-0.2974236667764905,2.2301533077813662,-2.413081634078175,0.06655297307727254,0.632250750836612,2.238186583378832,2.439477386170096,-2.8925477095248526,2.0789848384583776,-0.5930531475613525,-1.2326438782888764,-2.0635589014654006,-2.51558578140099,0.22610317933216167,-2.364579352882649,-2.6564169156477284,-1.138313601566844,1.204528717380368,2.826387937120761,1.3619000096839755,2.243260769424124,1.6883753887202089
numHidden 	5
numGenes 	48
minGene 	-3.0
maxGene 	3.0
popSize 	200
maxEvaluations 	20000
mutateRate 	0.1
mutateChange 	0.05
seed 	1554474634233
random 	java.util.Random@1f17ae12
neuralNetworkClass 	class coursework.ExampleEvolutionaryAlgorithm
Training Set Training
Fitness 0.02558432143030076