-0.604433966492238,2.7262386412515074,-2.0341762342886196,2.0676406414459025,-2.302726611396924,-2.618312730384363,-0.2976744976443964,-0.281277649833444,2.3716859299384137,2.6339663190706695,-0.42615663058552034,-1.1550034789600736,-1.175952354073801,3.0869898457700797,-1.4697753769355126,-2.7885360610412424,0.8368039229865805,0.3871607564573473,-0.9765883503913859,1.943110174370703,-0.8859016366054637,-2.407966086518302,-2.277564281635337,-0.02694006764187816,-2.1764477045638984,1.353866111308316,-2.622793126862902,1.1402127616876092,-2.2208012066812843,0.031841758375889026,0.05253119284098472,1.1113831680450883,-2.384739321992701,-2.2448910794165813,1.241668589286951,0.48242408929410496,-0.5605036110647008,1.2703875391883819,1.0372112438267005,-0.6278110183045575,-2.3139544387516704,-0.6531380897754406,2.102047579889849,0.07167897387360284,2.555372705494568,2.1225092985158573,0.20639366972397255,0.14151009652459107
numHidden 	5
numGenes 	48
minGene 	-3.0
maxGene 	3.0
popSize 	200
maxEvaluations 	20000
mutateRate 	0.1
mutateChange 	0.05
seed 	1554474493933
random 	java.util.Random@1f17ae12
neuralNetworkClass 	class coursework.ExampleEvolutionaryAlgorithm
Training Set Training
Fitness 0.10383736074931472