-0.5369802926513678,0.7961395464220484,-1.2962323244311504,-1.7354145057012746,-1.6618257149421722,2.301055997075382,-0.6135337423017704,-2.139642285564246,1.053806231547408,-2.035305091621418,-0.5700905970768297,-0.7732373815815621,-1.425548040731474,-3.171771880183374,0.7176549125517204,2.0770105440393287,0.5830331695606201,-1.8056567107681083,2.295058124623049,-1.132548324450309,0.18278843006173512,-2.657230575375529,0.8400574392631363,-2.1721454315107,0.38980141267074236,-1.4212558279326528,-1.8852825120841727,1.2151195521192395,1.1669728433320559,-0.40138139218356456,-1.2566608263933132,0.35279541217353483,3.173063636325031,0.3354714573849241,-1.2955914431622575,-0.7317682558937386,-1.2512591150819787,2.3600427846768577,-2.86523284882034,-2.376623953767889,-1.9619693447816757,1.652220637529267,-1.3143300532359499,-1.093793624342206,-1.2845178321570827,1.1273794481150068,2.042924167502467,0.6994669785455094
numHidden 	5
numGenes 	48
minGene 	-3.0
maxGene 	3.0
popSize 	200
maxEvaluations 	20000
mutateRate 	0.1
mutateChange 	0.05
seed 	1554474291071
random 	java.util.Random@1f17ae12
neuralNetworkClass 	class coursework.ExampleEvolutionaryAlgorithm
Training Set Training
Fitness 0.10519793195395488