2.723071230839449,3.113198253255735,-1.3092887860598883,-1.806472888018674,0.6401459347351718,0.41401594807920894,0.7782513586860951,-1.634656735836451,0.4323364065871753,-0.22337761660301164,-0.6258076859859454,0.8652536749904598,-2.7820144119478285,2.7915792309806378,-2.8380679626989425,-0.9670427754047548,-2.543589279526823,-1.1864045809847108,0.9665943406732345,-0.9397057921955196,1.8667290578845595,-1.814611921363236,2.9519669020228463,-1.057682805573915,-0.6696548236617863,1.4730815947456486,-0.052443529086967366,-1.1586311764244517,2.4372070129125856,-2.315043102065758,1.6850419535274692,-0.5244794642626243,0.9166306734265968,2.558535224329643,1.3587297617361136,-1.2914024405799698,1.54448855097261,1.1382696594625399,-1.671635781653442,1.3433246462378063,1.5164286783189436,0.03172539214484793,2.7137960769416205,-1.7606724776901874,1.9568197964249396,2.147360374160555,0.9551726844307593,0.6442244298724489
numHidden 	5
numGenes 	48
minGene 	-3.0
maxGene 	3.0
popSize 	200
maxEvaluations 	20000
mutateRate 	0.01
mutateChange 	0.05
seed 	1554461657520
random 	java.util.Random@1f17ae12
neuralNetworkClass 	class coursework.ExampleEvolutionaryAlgorithm
Training Set Training
Fitness 0.13571479834808892