-2.436171231362133,1.4381583139887486,0.6029795929010897,-0.4813278634142848,2.084032552666824,1.3612833448585278,-1.1000879570570978,0.4528915443359803,-2.6335005250008674,-0.49037481124144655,-2.670498978093716,1.9670798832761127,2.002553327870415,1.4419614769056832,2.5910318046997647,-0.7654285489440271,-1.1872817882499325,2.1149022981821526,-0.5262270786751635,-1.4792489081229547,0.08921937373936295,1.401821922721693,-2.855281990030381,-1.2188475968079653,-1.942571014594145,-1.3644322314439175,-2.711257820704114,1.1292658934974389,-0.7349599071915021,0.26158829316571053,-2.167234246025146,-0.6968903596544529,1.3720359796367612,1.6461306264260192,-1.939927884073871,0.5832732633534703,0.5255540967095185,-0.632851818993408,1.898327446425336,-2.810333616680561,-2.7971081633475112,-0.3774461165604448,0.1778138171046435,1.7863701885472376,-0.46169978547891954,-0.9636985381501753,1.0506781773251541,1.1758510277338776
numHidden 	5
numGenes 	48
minGene 	-3.0
maxGene 	3.0
popSize 	200
maxEvaluations 	20000
mutateRate 	0.01
mutateChange 	0.05
seed 	1554462024923
random 	java.util.Random@1f17ae12
neuralNetworkClass 	class coursework.ExampleEvolutionaryAlgorithm
Training Set Training
Fitness 0.11352286540531616