-1.0494648310246846,0.4584342396483473,0.05485569421759015,2.6969616400210485,-0.4733644429559014,-2.595698537058074,1.8063449807486585,-0.9077619319985608,2.2133551714806066,1.9773448472663668,1.974726444802163,-0.7878616570605088,2.180385092434646,-2.5816946676959427,0.5012053062912947,-0.12270805193113787,-2.270128684049258,2.723995467478762,-0.27126010960396485,-0.24341355960685807,0.9316569414818903,-0.5942581523488961,-1.8486534010117082,-0.6615374865426586,2.868068897062642,0.7625902795441988,1.068591593110635,1.3663785595973632,-0.3327692832759923,1.3872305444159354,-2.221025317233081,1.4895548853073706,-1.3231055404051704,2.552137807965842,2.5267656058675056,-2.0640053939531873,-0.16809808484624406,-0.8057013282782581,0.834823952724939,2.6290768084395673,-2.81578953934014,-0.5026740384647024,1.0202793331932942,0.5281927783523008,1.3687671813691198,2.4377351924868673,1.9024736243740532,1.0304794382288405
numHidden 	5
numGenes 	48
minGene 	-3.0
maxGene 	3.0
popSize 	200
maxEvaluations 	20000
mutateRate 	0.01
mutateChange 	0.05
seed 	1554462096363
random 	java.util.Random@1f17ae12
neuralNetworkClass 	class coursework.ExampleEvolutionaryAlgorithm
Training Set Training
Fitness 0.13134765256587824