2.1301952147805974,1.2191090793783146,0.4519074002124164,0.7157118018161195,1.9105374934315744,-2.625469488933435,0.22007412768815549,2.654068016078239,-2.954757891775224,0.014432560455895069,-2.696075160822504,0.7603128235678422,1.468652588028709,1.1371081171202289,1.9017596728151887,-0.37103174117439214,1.962911363255677,-1.3929558522305414,-2.5769229441081585,-1.4838579613406495,2.581337999911309,-2.6790578855630898,-2.7811039414046173,2.0158256162950137,-2.421032683459435,0.7513978156660202,1.793355278432254,-0.8138103302653912,0.14810413655858268,0.5310184627404178,2.782372266057073,1.503742287804271,-1.5177186399491527,2.2433292660785797,-0.5218498971117913,0.10583764030917298,-2.7605318805432955,-0.30838253198288185,0.5285476561358682,1.9038240980944288,2.9436959551219735,-2.5989555112647604,-0.06465582955495064,-2.48399418535951,-1.2842829767956798,1.3928724273633033,2.6541741776416696,1.5125809496867697
numHidden 	5
numGenes 	48
minGene 	-3.0
maxGene 	3.0
popSize 	200
maxEvaluations 	20000
mutateRate 	0.01
mutateChange 	0.05
seed 	1554461808388
random 	java.util.Random@1f17ae12
neuralNetworkClass 	class coursework.ExampleEvolutionaryAlgorithm
Training Set Training
Fitness 0.11953578350015492