-0.9732619853633917,-0.8544353998833996,1.9360695185446568,2.7507263246417137,-2.089703506817693,-2.5850917543443925,-1.9049251668925302,1.637671110040052,-1.081883890805752,-1.8619958731951363,-0.3707856618450517,1.4639485723378236,-3.045710045179256,-0.1248819476220076,-2.8537493186024845,-2.5316286192725723,-2.0068577717582596,-0.6790711311541939,0.4339868830328877,2.5407959424763717,0.6844842484931499,0.32133758845886645,1.8163849875634959,-0.15382523431529832,0.32922139135505385,0.19113527815229503,-1.0667127581942728,2.326229629992591,1.442926648295817,0.14833566778826468,-2.3215484080346824,-1.7748799843494356,-2.782291957482232,0.23224014276913874,-1.5710506841666303,-2.7047540782171775,-0.48217514752567103,-1.686835200458429,1.9654337728505977,2.7868678607812516,2.516373750558345,-2.706156697864305,-2.541093565821211,1.4170051042578435,1.9681388134027817,-0.8253337295711312,0.518025224598311,-1.530750609881081
numHidden 	5
numGenes 	48
minGene 	-3.0
maxGene 	3.0
popSize 	200
maxEvaluations 	20000
mutateRate 	0.01
mutateChange 	0.05
seed 	1554400144407
random 	java.util.Random@1f17ae12
neuralNetworkClass 	class coursework.ExampleEvolutionaryAlgorithm
Training Set Training
Fitness 0.04142329563980658