-3.1492262577414376,-1.8338757271826258,1.27088247386157,0.7958233984946597,1.919852388247174,-1.835969242300257,1.9654973004222496,-1.1200198564457162,-0.5836616893421588,-3.233108711175558,-0.3751535571836345,-0.7071069953405607,-0.15146304529819687,2.1756720246367953,3.0211685472354253,-0.24856053993945793,1.8556155432612906,-3.329920748353423,2.783513831168798,2.8012741735373456,-1.9358387512197797,-0.7827039626797445,0.7126523457232634,0.7983222628506355,1.7778841413691513,2.5555409615861198,1.2866808789597535,0.17458307441450654,0.971401904028756,-0.34559236493370427,-1.9056873889025683,-0.5691652660767004,-2.079241214307499,-2.4256103796703985,0.09159080237753241,3.0026600019171763,0.08888146409507074,0.1804095522608279,-2.6679383508124737,2.997390717323767,0.3572177431812495,-0.8659036114087864,-1.1377584622156593,-0.9617625519175452,-1.3446475267720464,1.2969783841630136,-0.1464925275728663,-0.9040809860677066
numHidden 	5
numGenes 	48
minGene 	-3.0
maxGene 	3.0
popSize 	200
maxEvaluations 	20000
mutateRate 	0.01
mutateChange 	0.05
seed 	1554399620147
random 	java.util.Random@1f17ae12
neuralNetworkClass 	class coursework.ExampleEvolutionaryAlgorithm
Training Set Training
Fitness 0.07385418133187303