-1.031227604457982,1.9317615958923826,-1.7680230326819866,-1.6137565921995658,-2.5257014353184415,-0.6328717931668006,0.7335442858977779,1.8697628302670228,-1.301103919921882,-1.789315697571981,-1.3529641256793128,-1.2103120372003517,-2.115402703794312,0.8786181233193804,-2.3856689433793505,-1.425496014489004,-1.8577021211555673,0.4478069403888277,2.171060610404619,-0.004333667896841489,1.4742488308568775,-2.286757442617506,-2.3840876707775394,1.9403691881059233,0.7774510789040296,0.3112699520630807,-1.6319771688279079,-0.11361257687206364,-1.8276364111433758,2.500436254913078,1.1528251028797427,1.761450436737202,-2.8911847016190486,1.842367513849814,-1.2358570587817397,-2.7510969480488203,-0.7728143427058232,-0.5268598568585121,2.045243655928596,-1.5317945960631685,-1.6334102368643013,2.041161641448264,-1.3860167625887936,-0.6368779144984056,-0.5593855835250352,2.776889230569937,-0.42289829159797065,2.472245350286604
numHidden 	5
numGenes 	48
minGene 	-3.0
maxGene 	3.0
popSize 	200
maxEvaluations 	20000
mutateRate 	0.01
mutateChange 	0.05
seed 	1554400071537
random 	java.util.Random@1f17ae12
neuralNetworkClass 	class coursework.ExampleEvolutionaryAlgorithm
Training Set Training
Fitness 0.1306457017584744