1.7507366570586882,-0.13105995074757798,1.085829318542312,-2.994779621923658,2.4549024734140374,-0.4350188753531447,2.410467565806221,2.5138946185776287,2.862206869497575,1.7575002039437306,0.2610976001828675,-0.30324711483433,-2.1780819376752487,1.4435757758436172,2.554689839737108,2.669908196310109,0.3854037268682964,2.308530256371748,0.5941479956435336,1.557770337282359,-1.5008856055816058,-1.9763104297334713,-1.5808462330789397,-2.628657682501755,2.822888513398026,2.6985111620626876,-0.1593733024741792,-2.845085452245569,-1.8541140542399162,1.8940375985870261,-2.6156978690021755,-1.8300620255582032,2.019825462145791,-1.7843296269761206,0.0582271702800794,2.667732138051406,-0.9689520381359307,-1.470552122919339,-1.9868081392074664,-2.1861599468197586,-1.217851324469165,0.5353873084311699,2.227785273430122,1.2360161000192074,-2.145962309017908,0.18330293415603993,1.086616922804751,-1.7384433224163418
numHidden 	5
numGenes 	48
minGene 	-3.0
maxGene 	3.0
popSize 	200
maxEvaluations 	20000
mutateRate 	0.01
mutateChange 	0.05
seed 	1554399543218
random 	java.util.Random@1f17ae12
neuralNetworkClass 	class coursework.ExampleEvolutionaryAlgorithm
Training Set Training
Fitness 0.12405900915354656