-2.094198188862406,-0.44983629428494804,-1.2522515977783333,2.887382446837078,2.940492699424249,-2.948172817171943,-1.9599824782267836,-1.3427402819543375,-2.7732191865443285,-1.3350053123188503,1.7122138775134834,-0.5235838465828655,-0.7067380996793418,0.03157260695445929,1.459587360566729,0.5596281989358456,-2.944337526575743,2.7220250869509384,-1.811842552093206,-0.6907101425081592,-0.5114158678065186,2.2848386557811793,-2.009690996311777,-1.9611857875920797,2.2120739733851593,-1.9916141306415793,-0.8200137475120097,-0.836699874548315,1.045493981919377,-1.0084114346944482,-1.2845723970085172,-1.0834386571660988,-1.0210243333160682,-2.184477995376454,0.41520213570189773,-2.691412999104845,1.7203861313850801,2.342977456412391,0.7669321012213386,1.680105030443551,-0.5071313951095076,-1.0144482995503048,2.967643819541105,-1.9547091767693712,-1.426757039595412,2.7694992048368006,1.7805063454493455,-0.8886106418134874
numHidden 	5
numGenes 	48
minGene 	-3.0
maxGene 	3.0
popSize 	200
maxEvaluations 	20000
mutateRate 	0.01
mutateChange 	0.05
seed 	1554464759404
random 	java.util.Random@1f17ae12
neuralNetworkClass 	class coursework.ExampleEvolutionaryAlgorithm
Training Set Training
Fitness 0.07410929851380206