2.022220196307962,1.441913404185686,-2.4532391056196516,-0.14110226424995426,1.8924090371233648,-2.0172688862668426,1.2734408451189527,2.2758826016342972,-2.6478300069799863,-2.4756365308843233,1.1819581007820765,2.1169824234156485,-2.244965624317155,-1.1866436065248271,1.5432220902924607,-2.4127499990414627,0.45825511887887843,1.317395808082466,-2.0762734126385363,-2.250665971237315,0.2878861857272101,-1.6916872298572023,-2.7989398089195556,-0.423103714730777,-1.352563197572211,-2.3157511716273014,0.03563154041703616,-1.4812911039647272,0.19746911020287855,0.14540893431868318,2.1649950429716682,0.14128047177602837,-1.478955879432671,-0.2823872689986877,-2.7676072166531682,2.642832052194617,1.0084191006067034,2.1376501048440852,2.065979147119653,-2.0297001470140454,1.5015973280827264,-2.02447553302704,0.9640017568890704,-0.7069182176214719,-1.799146489536447,2.582239983792838,2.4618208452357617,-0.02433494979922983
numHidden 	5
numGenes 	48
minGene 	-3.0
maxGene 	3.0
popSize 	200
maxEvaluations 	20000
mutateRate 	0.01
mutateChange 	0.05
seed 	1554464021107
random 	java.util.Random@1f17ae12
neuralNetworkClass 	class coursework.ExampleEvolutionaryAlgorithm
Training Set Training
Fitness 0.027790189966294034