2.724277964989783,-1.0212406042715092,0.6282803135667256,2.5043315763347618,-1.8254883507198467,2.2334169190719697,-0.776121203812683,-2.515545323690234,-2.862366547271061,0.4172440799731256,1.4393387702441016,-0.44565953236714256,2.325188976317313,2.359590809017556,-2.589128749485777,-0.4830404157596937,-1.8866626365698675,-0.7043078323411898,-1.6687217433405614,2.288756716642042,-1.206395619657361,0.11894553208954513,2.9147159954675717,1.8328545374270637,2.0938350583231227,-0.7959426666055907,-0.4723330530855794,-1.9300656988036693,2.4624995855770475,-1.0469083333586073,2.4867302621942047,-2.2006658900446086,2.492223545185886,-2.476537522368192,-0.1723642340700886,-0.6593548423278692,2.2627280313727134,-0.1646068493758932,-2.8890712991015404,0.9689569779960134,-1.6881292824842866,-2.839292811932929,-1.0007278364592567,2.9505431130001583,-0.8266931003390505,0.8854236498502193,2.077434742490687,0.7366188813609109
numHidden 	5
numGenes 	48
minGene 	-3.0
maxGene 	3.0
popSize 	200
maxEvaluations 	20000
mutateRate 	0.01
mutateChange 	0.05
seed 	1554464116444
random 	java.util.Random@1f17ae12
neuralNetworkClass 	class coursework.ExampleEvolutionaryAlgorithm
Training Set Training
Fitness 0.010994723772504654