1.6438230209352565,2.5390598168971907,-0.9644498968129978,-1.0073356366372135,1.8926046003984653,-0.06481410612991212,1.611078826801462,1.0961114146476874,-1.0828063338001008,-1.8962029962999944,0.8821476661722447,1.8370538361596183,0.12064410309514706,-0.04001649013898145,2.0424026352334295,1.0640297840006818,2.2658980957859605,1.7591832478033238,-1.0215105519369896,-1.0277663708422964,-0.998286435564212,-2.978850832785395,-2.8134852740473777,1.4501061943147215,-1.5869696678960759,-2.792403647585993,0.7874145386713585,1.3059919551589374,-0.05331364013618067,1.8762747075019899,-1.3793162668597225,1.3615463327180661,-0.23206468307779815,2.1585148280583706,2.5623071058840106,1.3239304104340068,0.9648094333496315,0.0014365150239656899,0.8684711448691711,2.0368605392377575,2.575606864700795,-2.86653705185459,2.5697044404852987,1.6900645978966657,-2.9982780315670965,-0.10632220708043034,2.5453628749047397,0.7972649896380612
numHidden 	5
numGenes 	48
minGene 	-3.0
maxGene 	3.0
popSize 	200
maxEvaluations 	20000
mutateRate 	0.01
mutateChange 	0.05
seed 	1554464680511
random 	java.util.Random@1f17ae12
neuralNetworkClass 	class coursework.ExampleEvolutionaryAlgorithm
Training Set Training
Fitness 0.11237601498585412