-2.4641460589062625,-2.2201751772395575,0.262854977534543,1.43412974724143,-2.219829027201735,-0.5249454224183392,-0.08913347496421542,-2.205802190844226,0.21376596288195238,-1.3118892688415174,0.7287765276211475,-2.7444951865216334,-0.312411261550535,-2.4186023883435017,-0.9678130817008268,2.9607406874144884,0.5477409515946933,-2.904543214926415,2.9198493126260567,-1.562322752755391,0.44496431767264344,1.1246989882358598,-1.574471379634098,0.3979316590075861,1.9315007070401173,-2.697126129384319,-0.10706840811305263,0.8477913931878409,0.22437791742448576,0.5137007362817356,2.125096680762769,2.329992958175642,-3.039378611561486,-2.8598071687756743,1.7891865415735009,-0.9598828839001119,1.8529136820503869,-0.15191891222656118,-2.522491896295315,-0.12528701545301874,0.2895232061736263,0.4393332475096603,-1.1547501529874,-0.04349308989265577,-2.478215358405296,1.5563961550108598,2.236559336952019,-0.17245769286360213
numHidden 	5
numGenes 	48
minGene 	-3.0
maxGene 	3.0
popSize 	200
maxEvaluations 	20000
mutateRate 	0.01
mutateChange 	0.05
seed 	1554464445996
random 	java.util.Random@1f17ae12
neuralNetworkClass 	class coursework.ExampleEvolutionaryAlgorithm
Training Set Training
Fitness 0.016306096577130506